1.450000e+00
1.450250e+00
1.450500e+00
1.450750e+00
1.451000e+00
1.451250e+00
1.451500e+00
1.451750e+00
1.452000e+00
1.452250e+00
1.452500e+00
1.452750e+00
1.453000e+00
1.453250e+00
1.453500e+00
1.453750e+00
1.454000e+00
1.454250e+00
1.454500e+00
1.454750e+00
1.455000e+00
1.455250e+00
1.455500e+00
1.455750e+00
1.456000e+00
1.456250e+00
1.456500e+00
1.456750e+00
1.457000e+00
1.457250e+00
1.457500e+00
1.457750e+00
1.458000e+00
1.458250e+00
1.458500e+00
1.458750e+00
1.459000e+00
1.459250e+00
1.459500e+00
1.459750e+00
1.460000e+00
1.460250e+00
1.460500e+00
1.460750e+00
1.461000e+00
1.461250e+00
1.461500e+00
1.461750e+00
1.462000e+00
1.462250e+00
1.462500e+00
1.462750e+00
1.463000e+00
1.463250e+00
1.463500e+00
1.463750e+00
1.464000e+00
1.464250e+00
1.464500e+00
1.464750e+00
1.465000e+00
1.465250e+00
1.465500e+00
1.465750e+00
1.466000e+00
1.466250e+00
1.466500e+00
1.466750e+00
1.467000e+00
1.467250e+00
1.467500e+00
1.467750e+00
1.468000e+00
1.468250e+00
1.468500e+00
1.468750e+00
1.469000e+00
1.469250e+00
1.469500e+00
1.469750e+00
1.470000e+00
1.470250e+00
1.470500e+00
1.470750e+00
1.471000e+00
1.471250e+00
1.471500e+00
1.471750e+00
1.472000e+00
1.472250e+00
1.472500e+00
1.472750e+00
1.473000e+00
1.473250e+00
1.473500e+00
1.473750e+00
1.474000e+00
1.474250e+00
1.474500e+00
1.474750e+00
1.475000e+00
1.475250e+00
1.475500e+00
1.475750e+00
1.476000e+00
1.476250e+00
1.476500e+00
1.476750e+00
1.477000e+00
1.477250e+00
1.477500e+00
1.477750e+00
1.478000e+00
1.478250e+00
1.478500e+00
1.478750e+00
1.479000e+00
1.479250e+00
1.479500e+00
1.479750e+00
1.480000e+00
1.480250e+00
1.480500e+00
1.480750e+00
1.481000e+00
1.481250e+00
1.481500e+00
1.481750e+00
1.482000e+00
1.482250e+00
1.482500e+00
1.482750e+00
1.483000e+00
1.483250e+00
1.483500e+00
1.483750e+00
1.484000e+00
1.484250e+00
1.484500e+00
1.484750e+00
1.485000e+00
1.485250e+00
1.485500e+00
1.485750e+00
1.486000e+00
1.486250e+00
1.486500e+00
1.486750e+00
1.487000e+00
1.487250e+00
1.487500e+00
1.487750e+00
1.488000e+00
1.488250e+00
1.488500e+00
1.488750e+00
1.489000e+00
1.489250e+00
1.489500e+00
1.489750e+00
1.490000e+00
1.490250e+00
1.490500e+00
1.490750e+00
1.491000e+00
1.491250e+00
1.491500e+00
1.491750e+00
1.492000e+00
1.492250e+00
1.492500e+00
1.492750e+00
1.493000e+00
1.493250e+00
1.493500e+00
1.493750e+00
1.494000e+00
1.494250e+00
1.494500e+00
1.494750e+00
1.495000e+00
1.495250e+00
1.495500e+00
1.495750e+00
1.496000e+00
1.496250e+00
1.496500e+00
1.496750e+00
1.497000e+00
1.497250e+00
1.497500e+00
1.497750e+00
1.498000e+00
1.498250e+00
1.498500e+00
1.498750e+00
1.499000e+00
1.499250e+00
1.499500e+00
1.499750e+00
1.500000e+00
1.500250e+00
1.500500e+00
1.500750e+00
1.501000e+00
1.501250e+00
1.501500e+00
1.501750e+00
1.502000e+00
1.502250e+00
1.502500e+00
1.502750e+00
1.503000e+00
1.503250e+00
1.503500e+00
1.503750e+00
1.504000e+00
1.504250e+00
1.504500e+00
1.504750e+00
1.505000e+00
1.505250e+00
1.505500e+00
1.505750e+00
1.506000e+00
1.506250e+00
1.506500e+00
1.506750e+00
1.507000e+00
1.507250e+00
1.507500e+00
1.507750e+00
1.508000e+00
1.508250e+00
1.508500e+00
1.508750e+00
1.509000e+00
1.509250e+00
1.509500e+00
1.509750e+00
1.510000e+00
1.510250e+00
1.510500e+00
1.510750e+00
1.511000e+00
1.511250e+00
1.511500e+00
1.511750e+00
1.512000e+00
1.512250e+00
1.512500e+00
1.512750e+00
1.513000e+00
1.513250e+00
1.513500e+00
1.513750e+00
1.514000e+00
1.514250e+00
1.514500e+00
1.514750e+00
1.515000e+00
1.515250e+00
1.515500e+00
1.515750e+00
1.516000e+00
1.516250e+00
1.516500e+00
1.516750e+00
1.517000e+00
1.517250e+00
1.517500e+00
1.517750e+00
1.518000e+00
1.518250e+00
1.518500e+00
1.518750e+00
1.519000e+00
1.519250e+00
1.519500e+00
1.519750e+00
1.520000e+00
1.520250e+00
1.520500e+00
1.520750e+00
1.521000e+00
1.521250e+00
1.521500e+00
1.521750e+00
1.522000e+00
1.522250e+00
1.522500e+00
1.522750e+00
1.523000e+00
1.523250e+00
1.523500e+00
1.523750e+00
1.524000e+00
1.524250e+00
1.524500e+00
1.524750e+00
1.525000e+00
1.525250e+00
1.525500e+00
1.525750e+00
1.526000e+00
1.526250e+00
1.526500e+00
1.526750e+00
1.527000e+00
1.527250e+00
1.527500e+00
1.527750e+00
1.528000e+00
1.528250e+00
1.528500e+00
1.528750e+00
1.529000e+00
1.529250e+00
1.529500e+00
1.529750e+00
1.530000e+00
1.530250e+00
1.530500e+00
1.530750e+00
1.531000e+00
1.531250e+00
1.531500e+00
1.531750e+00
1.532000e+00
1.532250e+00
1.532500e+00
1.532750e+00
1.533000e+00
1.533250e+00
1.533500e+00
1.533750e+00
1.534000e+00
1.534250e+00
1.534500e+00
1.534750e+00
1.535000e+00
1.535250e+00
1.535500e+00
1.535750e+00
1.536000e+00
1.536250e+00
1.536500e+00
1.536750e+00
1.537000e+00
1.537250e+00
1.537500e+00
1.537750e+00
1.538000e+00
1.538250e+00
1.538500e+00
1.538750e+00
1.539000e+00
1.539250e+00
1.539500e+00
1.539750e+00
1.540000e+00
1.540250e+00
1.540500e+00
1.540750e+00
1.541000e+00
1.541250e+00
1.541500e+00
1.541750e+00
1.542000e+00
1.542250e+00
1.542500e+00
1.542750e+00
1.543000e+00
1.543250e+00
1.543500e+00
1.543750e+00
1.544000e+00
1.544250e+00
1.544500e+00
1.544750e+00
1.545000e+00
1.545250e+00
1.545500e+00
1.545750e+00
1.546000e+00
1.546250e+00
1.546500e+00
1.546750e+00
1.547000e+00
1.547250e+00
1.547500e+00
1.547750e+00
1.548000e+00
1.548250e+00
1.548500e+00
1.548750e+00
1.549000e+00
1.549250e+00
1.549500e+00
1.549750e+00
1.550000e+00
1.550250e+00
1.550500e+00
1.550750e+00
1.551000e+00
1.551250e+00
1.551500e+00
1.551750e+00
1.552000e+00
1.552250e+00
1.552500e+00
1.552750e+00
1.553000e+00
1.553250e+00
1.553500e+00
1.553750e+00
1.554000e+00
1.554250e+00
1.554500e+00
1.554750e+00
1.555000e+00
1.555250e+00
1.555500e+00
1.555750e+00
1.556000e+00
1.556250e+00
1.556500e+00
1.556750e+00
1.557000e+00
1.557250e+00
1.557500e+00
1.557750e+00
1.558000e+00
1.558250e+00
1.558500e+00
1.558750e+00
1.559000e+00
1.559250e+00
1.559500e+00
1.559750e+00
1.560000e+00
1.560250e+00
1.560500e+00
1.560750e+00
1.561000e+00
1.561250e+00
1.561500e+00
1.561750e+00
1.562000e+00
1.562250e+00
1.562500e+00
1.562750e+00
1.563000e+00
1.563250e+00
1.563500e+00
1.563750e+00
1.564000e+00
1.564250e+00
1.564500e+00
1.564750e+00
1.565000e+00
1.565250e+00
1.565500e+00
1.565750e+00
1.566000e+00
1.566250e+00
1.566500e+00
1.566750e+00
1.567000e+00
1.567250e+00
1.567500e+00
1.567750e+00
1.568000e+00
1.568250e+00
1.568500e+00
1.568750e+00
1.569000e+00
1.569250e+00
1.569500e+00
1.569750e+00
1.570000e+00
1.570250e+00
1.570500e+00
1.570750e+00
1.571000e+00
1.571250e+00
1.571500e+00
1.571750e+00
1.572000e+00
1.572250e+00
1.572500e+00
1.572750e+00
1.573000e+00
1.573250e+00
1.573500e+00
1.573750e+00
1.574000e+00
1.574250e+00
1.574500e+00
1.574750e+00
1.575000e+00
1.575250e+00
1.575500e+00
1.575750e+00
1.576000e+00
1.576250e+00
1.576500e+00
1.576750e+00
1.577000e+00
1.577250e+00
1.577500e+00
1.577750e+00
1.578000e+00
1.578250e+00
1.578500e+00
1.578750e+00
1.579000e+00
1.579250e+00
1.579500e+00
1.579750e+00
1.580000e+00
1.580250e+00
1.580500e+00
1.580750e+00
1.581000e+00
1.581250e+00
1.581500e+00
1.581750e+00
1.582000e+00
1.582250e+00
1.582500e+00
1.582750e+00
1.583000e+00
1.583250e+00
1.583500e+00
1.583750e+00
1.584000e+00
1.584250e+00
1.584500e+00
1.584750e+00
1.585000e+00
1.585250e+00
1.585500e+00
1.585750e+00
1.586000e+00
1.586250e+00
1.586500e+00
1.586750e+00
1.587000e+00
1.587250e+00
1.587500e+00
1.587750e+00
1.588000e+00
1.588250e+00
1.588500e+00
1.588750e+00
1.589000e+00
1.589250e+00
1.589500e+00
1.589750e+00
1.590000e+00
1.590250e+00
1.590500e+00
1.590750e+00
1.591000e+00
1.591250e+00
1.591500e+00
1.591750e+00
1.592000e+00
1.592250e+00
1.592500e+00
1.592750e+00
1.593000e+00
1.593250e+00
1.593500e+00
1.593750e+00
1.594000e+00
1.594250e+00
1.594500e+00
1.594750e+00
1.595000e+00
1.595250e+00
1.595500e+00
1.595750e+00
1.596000e+00
1.596250e+00
1.596500e+00
1.596750e+00
1.597000e+00
1.597250e+00
1.597500e+00
1.597750e+00
1.598000e+00
1.598250e+00
1.598500e+00
1.598750e+00
1.599000e+00
1.599250e+00
1.599500e+00
1.599750e+00
