l,nm		 s_A,m-2	 s_E,m-2	 V_S	 W0_S	 AeffS		 g_S
1.45e+03	 1.11e-25	 3.92e-26	 1.56e+00	 3.03e-06	 2.88e-11	 5.07e-01
1.45e+03	 1.10e-25	 3.94e-26	 1.56e+00	 3.03e-06	 2.88e-11	 5.07e-01
1.45e+03	 1.14e-25	 3.97e-26	 1.56e+00	 3.03e-06	 2.88e-11	 5.07e-01
1.45e+03	 1.16e-25	 4.01e-26	 1.56e+00	 3.03e-06	 2.88e-11	 5.07e-01
1.45e+03	 1.16e-25	 4.04e-26	 1.56e+00	 3.03e-06	 2.88e-11	 5.07e-01
1.45e+03	 1.18e-25	 4.08e-26	 1.56e+00	 3.03e-06	 2.88e-11	 5.06e-01
1.45e+03	 1.20e-25	 4.11e-26	 1.56e+00	 3.03e-06	 2.88e-11	 5.06e-01
1.45e+03	 1.20e-25	 4.14e-26	 1.56e+00	 3.03e-06	 2.89e-11	 5.06e-01
1.45e+03	 1.21e-25	 4.18e-26	 1.56e+00	 3.03e-06	 2.89e-11	 5.06e-01
1.45e+03	 1.21e-25	 4.21e-26	 1.56e+00	 3.03e-06	 2.89e-11	 5.06e-01
1.45e+03	 1.22e-25	 4.25e-26	 1.56e+00	 3.03e-06	 2.89e-11	 5.06e-01
1.45e+03	 1.23e-25	 4.28e-26	 1.56e+00	 3.03e-06	 2.89e-11	 5.05e-01
1.45e+03	 1.25e-25	 4.32e-26	 1.56e+00	 3.03e-06	 2.89e-11	 5.05e-01
1.45e+03	 1.27e-25	 4.35e-26	 1.56e+00	 3.04e-06	 2.89e-11	 5.05e-01
1.45e+03	 1.28e-25	 4.39e-26	 1.56e+00	 3.04e-06	 2.90e-11	 5.05e-01
1.45e+03	 1.29e-25	 4.42e-26	 1.56e+00	 3.04e-06	 2.90e-11	 5.05e-01
1.45e+03	 1.30e-25	 4.46e-26	 1.56e+00	 3.04e-06	 2.90e-11	 5.05e-01
1.45e+03	 1.32e-25	 4.49e-26	 1.56e+00	 3.04e-06	 2.90e-11	 5.04e-01
1.45e+03	 1.33e-25	 4.53e-26	 1.56e+00	 3.04e-06	 2.90e-11	 5.04e-01
1.45e+03	 1.35e-25	 4.57e-26	 1.55e+00	 3.04e-06	 2.90e-11	 5.04e-01
1.46e+03	 1.36e-25	 4.60e-26	 1.55e+00	 3.04e-06	 2.90e-11	 5.04e-01
1.46e+03	 1.38e-25	 4.64e-26	 1.55e+00	 3.04e-06	 2.91e-11	 5.04e-01
1.46e+03	 1.39e-25	 4.68e-26	 1.55e+00	 3.04e-06	 2.91e-11	 5.04e-01
1.46e+03	 1.41e-25	 4.71e-26	 1.55e+00	 3.04e-06	 2.91e-11	 5.03e-01
1.46e+03	 1.42e-25	 4.75e-26	 1.55e+00	 3.04e-06	 2.91e-11	 5.03e-01
1.46e+03	 1.43e-25	 4.79e-26	 1.55e+00	 3.04e-06	 2.91e-11	 5.03e-01
1.46e+03	 1.45e-25	 4.83e-26	 1.55e+00	 3.05e-06	 2.91e-11	 5.03e-01
1.46e+03	 1.46e-25	 4.87e-26	 1.55e+00	 3.05e-06	 2.91e-11	 5.03e-01
1.46e+03	 1.48e-25	 4.91e-26	 1.55e+00	 3.05e-06	 2.92e-11	 5.02e-01
1.46e+03	 1.49e-25	 4.95e-26	 1.55e+00	 3.05e-06	 2.92e-11	 5.02e-01
1.46e+03	 1.51e-25	 4.99e-26	 1.55e+00	 3.05e-06	 2.92e-11	 5.02e-01
1.46e+03	 1.52e-25	 5.03e-26	 1.55e+00	 3.05e-06	 2.92e-11	 5.02e-01
1.46e+03	 1.54e-25	 5.07e-26	 1.55e+00	 3.05e-06	 2.92e-11	 5.02e-01
1.46e+03	 1.55e-25	 5.11e-26	 1.55e+00	 3.05e-06	 2.92e-11	 5.02e-01
1.46e+03	 1.57e-25	 5.15e-26	 1.55e+00	 3.05e-06	 2.93e-11	 5.01e-01
1.46e+03	 1.58e-25	 5.20e-26	 1.55e+00	 3.05e-06	 2.93e-11	 5.01e-01
1.46e+03	 1.60e-25	 5.24e-26	 1.55e+00	 3.05e-06	 2.93e-11	 5.01e-01
1.46e+03	 1.61e-25	 5.28e-26	 1.55e+00	 3.05e-06	 2.93e-11	 5.01e-01
1.46e+03	 1.63e-25	 5.33e-26	 1.55e+00	 3.05e-06	 2.93e-11	 5.01e-01
1.46e+03	 1.64e-25	 5.37e-26	 1.55e+00	 3.06e-06	 2.93e-11	 5.01e-01
1.46e+03	 1.66e-25	 5.42e-26	 1.55e+00	 3.06e-06	 2.93e-11	 5.00e-01
1.46e+03	 1.67e-25	 5.46e-26	 1.55e+00	 3.06e-06	 2.94e-11	 5.00e-01
1.46e+03	 1.69e-25	 5.51e-26	 1.55e+00	 3.06e-06	 2.94e-11	 5.00e-01
1.46e+03	 1.71e-25	 5.55e-26	 1.55e+00	 3.06e-06	 2.94e-11	 5.00e-01
1.46e+03	 1.72e-25	 5.60e-26	 1.55e+00	 3.06e-06	 2.94e-11	 5.00e-01
1.46e+03	 1.74e-25	 5.65e-26	 1.55e+00	 3.06e-06	 2.94e-11	 4.99e-01
1.46e+03	 1.76e-25	 5.70e-26	 1.55e+00	 3.06e-06	 2.94e-11	 4.99e-01
1.46e+03	 1.77e-25	 5.74e-26	 1.55e+00	 3.06e-06	 2.94e-11	 4.99e-01
1.46e+03	 1.79e-25	 5.79e-26	 1.55e+00	 3.06e-06	 2.95e-11	 4.99e-01
1.46e+03	 1.80e-25	 5.84e-26	 1.55e+00	 3.06e-06	 2.95e-11	 4.99e-01
1.46e+03	 1.82e-25	 5.89e-26	 1.55e+00	 3.06e-06	 2.95e-11	 4.99e-01
1.46e+03	 1.83e-25	 5.94e-26	 1.55e+00	 3.06e-06	 2.95e-11	 4.98e-01
1.46e+03	 1.85e-25	 5.99e-26	 1.55e+00	 3.07e-06	 2.95e-11	 4.98e-01
1.46e+03	 1.86e-25	 6.04e-26	 1.55e+00	 3.07e-06	 2.95e-11	 4.98e-01
1.46e+03	 1.88e-25	 6.09e-26	 1.55e+00	 3.07e-06	 2.95e-11	 4.98e-01
1.46e+03	 1.89e-25	 6.14e-26	 1.55e+00	 3.07e-06	 2.96e-11	 4.98e-01
1.46e+03	 1.91e-25	 6.19e-26	 1.55e+00	 3.07e-06	 2.96e-11	 4.98e-01
1.46e+03	 1.92e-25	 6.25e-26	 1.54e+00	 3.07e-06	 2.96e-11	 4.97e-01
1.46e+03	 1.94e-25	 6.30e-26	 1.54e+00	 3.07e-06	 2.96e-11	 4.97e-01
1.46e+03	 1.95e-25	 6.35e-26	 1.54e+00	 3.07e-06	 2.96e-11	 4.97e-01
1.47e+03	 1.97e-25	 6.40e-26	 1.54e+00	 3.07e-06	 2.96e-11	 4.97e-01
1.47e+03	 1.98e-25	 6.46e-26	 1.54e+00	 3.07e-06	 2.97e-11	 4.97e-01
1.47e+03	 2.00e-25	 6.51e-26	 1.54e+00	 3.07e-06	 2.97e-11	 4.97e-01
1.47e+03	 2.01e-25	 6.57e-26	 1.54e+00	 3.07e-06	 2.97e-11	 4.96e-01
1.47e+03	 2.03e-25	 6.62e-26	 1.54e+00	 3.07e-06	 2.97e-11	 4.96e-01
1.47e+03	 2.04e-25	 6.68e-26	 1.54e+00	 3.08e-06	 2.97e-11	 4.96e-01
1.47e+03	 2.06e-25	 6.73e-26	 1.54e+00	 3.08e-06	 2.97e-11	 4.96e-01
1.47e+03	 2.07e-25	 6.79e-26	 1.54e+00	 3.08e-06	 2.97e-11	 4.96e-01
1.47e+03	 2.09e-25	 6.85e-26	 1.54e+00	 3.08e-06	 2.98e-11	 4.95e-01
1.47e+03	 2.11e-25	 6.90e-26	 1.54e+00	 3.08e-06	 2.98e-11	 4.95e-01
1.47e+03	 2.12e-25	 6.96e-26	 1.54e+00	 3.08e-06	 2.98e-11	 4.95e-01
1.47e+03	 2.14e-25	 7.02e-26	 1.54e+00	 3.08e-06	 2.98e-11	 4.95e-01
1.47e+03	 2.15e-25	 7.08e-26	 1.54e+00	 3.08e-06	 2.98e-11	 4.95e-01
1.47e+03	 2.17e-25	 7.14e-26	 1.54e+00	 3.08e-06	 2.98e-11	 4.95e-01
1.47e+03	 2.18e-25	 7.20e-26	 1.54e+00	 3.08e-06	 2.98e-11	 4.94e-01
1.47e+03	 2.20e-25	 7.25e-26	 1.54e+00	 3.08e-06	 2.99e-11	 4.94e-01
1.47e+03	 2.21e-25	 7.31e-26	 1.54e+00	 3.08e-06	 2.99e-11	 4.94e-01
1.47e+03	 2.23e-25	 7.37e-26	 1.54e+00	 3.08e-06	 2.99e-11	 4.94e-01
1.47e+03	 2.24e-25	 7.44e-26	 1.54e+00	 3.09e-06	 2.99e-11	 4.94e-01
1.47e+03	 2.26e-25	 7.50e-26	 1.54e+00	 3.09e-06	 2.99e-11	 4.94e-01
1.47e+03	 2.27e-25	 7.56e-26	 1.54e+00	 3.09e-06	 2.99e-11	 4.93e-01
1.47e+03	 2.29e-25	 7.62e-26	 1.54e+00	 3.09e-06	 3.00e-11	 4.93e-01
1.47e+03	 2.30e-25	 7.68e-26	 1.54e+00	 3.09e-06	 3.00e-11	 4.93e-01
1.47e+03	 2.32e-25	 7.75e-26	 1.54e+00	 3.09e-06	 3.00e-11	 4.93e-01
1.47e+03	 2.33e-25	 7.81e-26	 1.54e+00	 3.09e-06	 3.00e-11	 4.93e-01
1.47e+03	 2.34e-25	 7.87e-26	 1.54e+00	 3.09e-06	 3.00e-11	 4.92e-01
1.47e+03	 2.36e-25	 7.94e-26	 1.54e+00	 3.09e-06	 3.00e-11	 4.92e-01
1.47e+03	 2.37e-25	 8.01e-26	 1.54e+00	 3.09e-06	 3.00e-11	 4.92e-01
1.47e+03	 2.39e-25	 8.07e-26	 1.54e+00	 3.09e-06	 3.01e-11	 4.92e-01
1.47e+03	 2.40e-25	 8.14e-26	 1.54e+00	 3.09e-06	 3.01e-11	 4.92e-01
1.47e+03	 2.42e-25	 8.21e-26	 1.54e+00	 3.10e-06	 3.01e-11	 4.92e-01
1.47e+03	 2.43e-25	 8.28e-26	 1.54e+00	 3.10e-06	 3.01e-11	 4.91e-01
1.47e+03	 2.45e-25	 8.35e-26	 1.54e+00	 3.10e-06	 3.01e-11	 4.91e-01
1.47e+03	 2.46e-25	 8.42e-26	 1.54e+00	 3.10e-06	 3.01e-11	 4.91e-01
1.47e+03	 2.48e-25	 8.49e-26	 1.54e+00	 3.10e-06	 3.02e-11	 4.91e-01
1.47e+03	 2.49e-25	 8.56e-26	 1.53e+00	 3.10e-06	 3.02e-11	 4.91e-01
1.47e+03	 2.51e-25	 8.63e-26	 1.53e+00	 3.10e-06	 3.02e-11	 4.91e-01
1.47e+03	 2.52e-25	 8.70e-26	 1.53e+00	 3.10e-06	 3.02e-11	 4.90e-01
1.47e+03	 2.53e-25	 8.77e-26	 1.53e+00	 3.10e-06	 3.02e-11	 4.90e-01
1.47e+03	 2.55e-25	 8.85e-26	 1.53e+00	 3.10e-06	 3.02e-11	 4.90e-01
1.48e+03	 2.56e-25	 8.91e-26	 1.53e+00	 3.10e-06	 3.02e-11	 4.90e-01
1.48e+03	 2.57e-25	 8.99e-26	 1.53e+00	 3.10e-06	 3.03e-11	 4.90e-01
1.48e+03	 2.59e-25	 9.06e-26	 1.53e+00	 3.10e-06	 3.03e-11	 4.89e-01
1.48e+03	 2.60e-25	 9.14e-26	 1.53e+00	 3.11e-06	 3.03e-11	 4.89e-01
1.48e+03	 2.61e-25	 9.21e-26	 1.53e+00	 3.11e-06	 3.03e-11	 4.89e-01
1.48e+03	 2.62e-25	 9.29e-26	 1.53e+00	 3.11e-06	 3.03e-11	 4.89e-01
1.48e+03	 2.64e-25	 9.36e-26	 1.53e+00	 3.11e-06	 3.03e-11	 4.89e-01
1.48e+03	 2.65e-25	 9.43e-26	 1.53e+00	 3.11e-06	 3.04e-11	 4.89e-01
1.48e+03	 2.66e-25	 9.56e-26	 1.53e+00	 3.11e-06	 3.04e-11	 4.88e-01
1.48e+03	 2.67e-25	 9.58e-26	 1.53e+00	 3.11e-06	 3.04e-11	 4.88e-01
1.48e+03	 2.68e-25	 9.66e-26	 1.53e+00	 3.11e-06	 3.04e-11	 4.88e-01
1.48e+03	 2.69e-25	 9.73e-26	 1.53e+00	 3.11e-06	 3.04e-11	 4.88e-01
1.48e+03	 2.71e-25	 9.81e-26	 1.53e+00	 3.11e-06	 3.04e-11	 4.88e-01
1.48e+03	 2.72e-25	 9.88e-26	 1.53e+00	 3.11e-06	 3.05e-11	 4.88e-01
1.48e+03	 2.73e-25	 9.96e-26	 1.53e+00	 3.11e-06	 3.05e-11	 4.87e-01
1.48e+03	 2.74e-25	 1.00e-25	 1.53e+00	 3.11e-06	 3.05e-11	 4.87e-01
1.48e+03	 2.75e-25	 1.01e-25	 1.53e+00	 3.12e-06	 3.05e-11	 4.87e-01
1.48e+03	 2.76e-25	 1.02e-25	 1.53e+00	 3.12e-06	 3.05e-11	 4.87e-01
1.48e+03	 2.77e-25	 1.03e-25	 1.53e+00	 3.12e-06	 3.05e-11	 4.87e-01
1.48e+03	 2.78e-25	 1.03e-25	 1.53e+00	 3.12e-06	 3.05e-11	 4.86e-01
1.48e+03	 2.79e-25	 1.04e-25	 1.53e+00	 3.12e-06	 3.06e-11	 4.86e-01
1.48e+03	 2.80e-25	 1.05e-25	 1.53e+00	 3.12e-06	 3.06e-11	 4.86e-01
1.48e+03	 2.81e-25	 1.06e-25	 1.53e+00	 3.12e-06	 3.06e-11	 4.86e-01
1.48e+03	 2.82e-25	 1.06e-25	 1.53e+00	 3.12e-06	 3.06e-11	 4.86e-01
1.48e+03	 2.83e-25	 1.07e-25	 1.53e+00	 3.12e-06	 3.06e-11	 4.86e-01
1.48e+03	 2.84e-25	 1.08e-25	 1.53e+00	 3.12e-06	 3.06e-11	 4.85e-01
1.48e+03	 2.85e-25	 1.09e-25	 1.53e+00	 3.12e-06	 3.07e-11	 4.85e-01
1.48e+03	 2.86e-25	 1.10e-25	 1.53e+00	 3.12e-06	 3.07e-11	 4.85e-01
1.48e+03	 2.87e-25	 1.10e-25	 1.53e+00	 3.13e-06	 3.07e-11	 4.85e-01
1.48e+03	 2.88e-25	 1.11e-25	 1.53e+00	 3.13e-06	 3.07e-11	 4.85e-01
1.48e+03	 2.89e-25	 1.12e-25	 1.53e+00	 3.13e-06	 3.07e-11	 4.85e-01
1.48e+03	 2.89e-25	 1.13e-25	 1.53e+00	 3.13e-06	 3.07e-11	 4.84e-01
1.48e+03	 2.90e-25	 1.14e-25	 1.53e+00	 3.13e-06	 3.08e-11	 4.84e-01
1.48e+03	 2.91e-25	 1.14e-25	 1.52e+00	 3.13e-06	 3.08e-11	 4.84e-01
1.48e+03	 2.92e-25	 1.15e-25	 1.52e+00	 3.13e-06	 3.08e-11	 4.84e-01
1.48e+03	 2.93e-25	 1.16e-25	 1.52e+00	 3.13e-06	 3.08e-11	 4.84e-01
1.48e+03	 2.94e-25	 1.17e-25	 1.52e+00	 3.13e-06	 3.08e-11	 4.83e-01
1.48e+03	 2.94e-25	 1.18e-25	 1.52e+00	 3.13e-06	 3.08e-11	 4.83e-01
1.48e+03	 2.95e-25	 1.19e-25	 1.52e+00	 3.13e-06	 3.08e-11	 4.83e-01
1.48e+03	 2.96e-25	 1.19e-25	 1.52e+00	 3.13e-06	 3.09e-11	 4.83e-01
1.49e+03	 2.97e-25	 1.20e-25	 1.52e+00	 3.14e-06	 3.09e-11	 4.83e-01
1.49e+03	 2.98e-25	 1.21e-25	 1.52e+00	 3.14e-06	 3.09e-11	 4.83e-01
1.49e+03	 2.98e-25	 1.22e-25	 1.52e+00	 3.14e-06	 3.09e-11	 4.82e-01
1.49e+03	 2.99e-25	 1.23e-25	 1.52e+00	 3.14e-06	 3.09e-11	 4.82e-01
1.49e+03	 3.00e-25	 1.23e-25	 1.52e+00	 3.14e-06	 3.09e-11	 4.82e-01
1.49e+03	 3.00e-25	 1.24e-25	 1.52e+00	 3.14e-06	 3.10e-11	 4.82e-01
1.49e+03	 3.01e-25	 1.25e-25	 1.52e+00	 3.14e-06	 3.10e-11	 4.82e-01
1.49e+03	 3.02e-25	 1.26e-25	 1.52e+00	 3.14e-06	 3.10e-11	 4.82e-01
1.49e+03	 3.02e-25	 1.27e-25	 1.52e+00	 3.14e-06	 3.10e-11	 4.81e-01
1.49e+03	 3.03e-25	 1.28e-25	 1.52e+00	 3.14e-06	 3.10e-11	 4.81e-01
1.49e+03	 3.03e-25	 1.28e-25	 1.52e+00	 3.14e-06	 3.10e-11	 4.81e-01
1.49e+03	 3.04e-25	 1.29e-25	 1.52e+00	 3.14e-06	 3.11e-11	 4.81e-01
1.49e+03	 3.04e-25	 1.30e-25	 1.52e+00	 3.14e-06	 3.11e-11	 4.81e-01
1.49e+03	 3.05e-25	 1.31e-25	 1.52e+00	 3.15e-06	 3.11e-11	 4.80e-01
1.49e+03	 3.05e-25	 1.32e-25	 1.52e+00	 3.15e-06	 3.11e-11	 4.80e-01
1.49e+03	 3.06e-25	 1.33e-25	 1.52e+00	 3.15e-06	 3.11e-11	 4.80e-01
1.49e+03	 3.06e-25	 1.33e-25	 1.52e+00	 3.15e-06	 3.11e-11	 4.80e-01
1.49e+03	 3.06e-25	 1.34e-25	 1.52e+00	 3.15e-06	 3.12e-11	 4.80e-01
1.49e+03	 3.07e-25	 1.35e-25	 1.52e+00	 3.15e-06	 3.12e-11	 4.80e-01
1.49e+03	 3.07e-25	 1.36e-25	 1.52e+00	 3.15e-06	 3.12e-11	 4.79e-01
1.49e+03	 3.08e-25	 1.37e-25	 1.52e+00	 3.15e-06	 3.12e-11	 4.79e-01
1.49e+03	 3.08e-25	 1.38e-25	 1.52e+00	 3.15e-06	 3.12e-11	 4.79e-01
1.49e+03	 3.09e-25	 1.39e-25	 1.52e+00	 3.15e-06	 3.12e-11	 4.79e-01
1.49e+03	 3.09e-25	 1.39e-25	 1.52e+00	 3.15e-06	 3.12e-11	 4.79e-01
1.49e+03	 3.09e-25	 1.40e-25	 1.52e+00	 3.15e-06	 3.13e-11	 4.79e-01
1.49e+03	 3.10e-25	 1.41e-25	 1.52e+00	 3.16e-06	 3.13e-11	 4.78e-01
1.49e+03	 3.10e-25	 1.42e-25	 1.52e+00	 3.16e-06	 3.13e-11	 4.78e-01
1.49e+03	 3.11e-25	 1.43e-25	 1.52e+00	 3.16e-06	 3.13e-11	 4.78e-01
1.49e+03	 3.11e-25	 1.44e-25	 1.52e+00	 3.16e-06	 3.13e-11	 4.78e-01
1.49e+03	 3.12e-25	 1.45e-25	 1.52e+00	 3.16e-06	 3.13e-11	 4.78e-01
1.49e+03	 3.12e-25	 1.45e-25	 1.52e+00	 3.16e-06	 3.14e-11	 4.77e-01
1.49e+03	 3.12e-25	 1.46e-25	 1.52e+00	 3.16e-06	 3.14e-11	 4.77e-01
1.49e+03	 3.13e-25	 1.47e-25	 1.52e+00	 3.16e-06	 3.14e-11	 4.77e-01
1.49e+03	 3.13e-25	 1.48e-25	 1.51e+00	 3.16e-06	 3.14e-11	 4.77e-01
1.49e+03	 3.13e-25	 1.49e-25	 1.51e+00	 3.16e-06	 3.14e-11	 4.77e-01
1.49e+03	 3.13e-25	 1.50e-25	 1.51e+00	 3.16e-06	 3.14e-11	 4.77e-01
1.49e+03	 3.14e-25	 1.50e-25	 1.51e+00	 3.16e-06	 3.15e-11	 4.76e-01
1.49e+03	 3.14e-25	 1.51e-25	 1.51e+00	 3.17e-06	 3.15e-11	 4.76e-01
1.49e+03	 3.14e-25	 1.52e-25	 1.51e+00	 3.17e-06	 3.15e-11	 4.76e-01
1.49e+03	 3.14e-25	 1.53e-25	 1.51e+00	 3.17e-06	 3.15e-11	 4.76e-01
1.50e+03	 3.14e-25	 1.54e-25	 1.51e+00	 3.17e-06	 3.15e-11	 4.76e-01
1.50e+03	 3.15e-25	 1.55e-25	 1.51e+00	 3.17e-06	 3.15e-11	 4.76e-01
1.50e+03	 3.15e-25	 1.55e-25	 1.51e+00	 3.17e-06	 3.16e-11	 4.75e-01
1.50e+03	 3.15e-25	 1.56e-25	 1.51e+00	 3.17e-06	 3.16e-11	 4.75e-01
1.50e+03	 3.15e-25	 1.57e-25	 1.51e+00	 3.17e-06	 3.16e-11	 4.75e-01
1.50e+03	 3.16e-25	 1.58e-25	 1.51e+00	 3.17e-06	 3.16e-11	 4.75e-01
1.50e+03	 3.16e-25	 1.59e-25	 1.51e+00	 3.17e-06	 3.16e-11	 4.75e-01
1.50e+03	 3.16e-25	 1.60e-25	 1.51e+00	 3.17e-06	 3.16e-11	 4.74e-01
1.50e+03	 3.16e-25	 1.61e-25	 1.51e+00	 3.17e-06	 3.17e-11	 4.74e-01
1.50e+03	 3.17e-25	 1.62e-25	 1.51e+00	 3.18e-06	 3.17e-11	 4.74e-01
1.50e+03	 3.17e-25	 1.63e-25	 1.51e+00	 3.18e-06	 3.17e-11	 4.74e-01
1.50e+03	 3.17e-25	 1.64e-25	 1.51e+00	 3.18e-06	 3.17e-11	 4.74e-01
1.50e+03	 3.17e-25	 1.65e-25	 1.51e+00	 3.18e-06	 3.17e-11	 4.74e-01
1.50e+03	 3.18e-25	 1.66e-25	 1.51e+00	 3.18e-06	 3.17e-11	 4.73e-01
1.50e+03	 3.18e-25	 1.67e-25	 1.51e+00	 3.18e-06	 3.18e-11	 4.73e-01
1.50e+03	 3.18e-25	 1.68e-25	 1.51e+00	 3.18e-06	 3.18e-11	 4.73e-01
1.50e+03	 3.18e-25	 1.69e-25	 1.51e+00	 3.18e-06	 3.18e-11	 4.73e-01
1.50e+03	 3.18e-25	 1.70e-25	 1.51e+00	 3.18e-06	 3.18e-11	 4.73e-01
1.50e+03	 3.18e-25	 1.71e-25	 1.51e+00	 3.18e-06	 3.18e-11	 4.73e-01
1.50e+03	 3.19e-25	 1.72e-25	 1.51e+00	 3.18e-06	 3.18e-11	 4.72e-01
1.50e+03	 3.19e-25	 1.73e-25	 1.51e+00	 3.18e-06	 3.19e-11	 4.72e-01
1.50e+03	 3.19e-25	 1.74e-25	 1.51e+00	 3.19e-06	 3.19e-11	 4.72e-01
1.50e+03	 3.19e-25	 1.75e-25	 1.51e+00	 3.19e-06	 3.19e-11	 4.72e-01
1.50e+03	 3.19e-25	 1.76e-25	 1.51e+00	 3.19e-06	 3.19e-11	 4.72e-01
1.50e+03	 3.19e-25	 1.77e-25	 1.51e+00	 3.19e-06	 3.19e-11	 4.71e-01
1.50e+03	 3.20e-25	 1.78e-25	 1.51e+00	 3.19e-06	 3.19e-11	 4.71e-01
1.50e+03	 3.20e-25	 1.79e-25	 1.51e+00	 3.19e-06	 3.20e-11	 4.71e-01
1.50e+03	 3.20e-25	 1.80e-25	 1.51e+00	 3.19e-06	 3.20e-11	 4.71e-01
1.50e+03	 3.20e-25	 1.81e-25	 1.51e+00	 3.19e-06	 3.20e-11	 4.71e-01
1.50e+03	 3.20e-25	 1.82e-25	 1.51e+00	 3.19e-06	 3.20e-11	 4.71e-01
1.50e+03	 3.20e-25	 1.83e-25	 1.51e+00	 3.19e-06	 3.20e-11	 4.70e-01
1.50e+03	 3.21e-25	 1.84e-25	 1.51e+00	 3.19e-06	 3.20e-11	 4.70e-01
1.50e+03	 3.21e-25	 1.85e-25	 1.50e+00	 3.19e-06	 3.21e-11	 4.70e-01
1.50e+03	 3.21e-25	 1.87e-25	 1.50e+00	 3.20e-06	 3.21e-11	 4.70e-01
1.50e+03	 3.22e-25	 1.88e-25	 1.50e+00	 3.20e-06	 3.21e-11	 4.70e-01
1.50e+03	 3.22e-25	 1.89e-25	 1.50e+00	 3.20e-06	 3.21e-11	 4.70e-01
1.50e+03	 3.23e-25	 1.90e-25	 1.50e+00	 3.20e-06	 3.21e-11	 4.69e-01
1.50e+03	 3.23e-25	 1.91e-25	 1.50e+00	 3.20e-06	 3.21e-11	 4.69e-01
1.50e+03	 3.24e-25	 1.93e-25	 1.50e+00	 3.20e-06	 3.22e-11	 4.69e-01
1.50e+03	 3.24e-25	 1.94e-25	 1.50e+00	 3.20e-06	 3.22e-11	 4.69e-01
1.50e+03	 3.25e-25	 1.95e-25	 1.50e+00	 3.20e-06	 3.22e-11	 4.69e-01
1.51e+03	 3.25e-25	 1.96e-25	 1.50e+00	 3.20e-06	 3.22e-11	 4.68e-01
1.51e+03	 3.26e-25	 1.98e-25	 1.50e+00	 3.20e-06	 3.22e-11	 4.68e-01
1.51e+03	 3.26e-25	 1.99e-25	 1.50e+00	 3.20e-06	 3.22e-11	 4.68e-01
1.51e+03	 3.27e-25	 2.00e-25	 1.50e+00	 3.20e-06	 3.23e-11	 4.68e-01
1.51e+03	 3.27e-25	 2.02e-25	 1.50e+00	 3.21e-06	 3.23e-11	 4.68e-01
1.51e+03	 3.28e-25	 2.03e-25	 1.50e+00	 3.21e-06	 3.23e-11	 4.68e-01
1.51e+03	 3.28e-25	 2.05e-25	 1.50e+00	 3.21e-06	 3.23e-11	 4.67e-01
1.51e+03	 3.29e-25	 2.06e-25	 1.50e+00	 3.21e-06	 3.23e-11	 4.67e-01
1.51e+03	 3.29e-25	 2.08e-25	 1.50e+00	 3.21e-06	 3.23e-11	 4.67e-01
1.51e+03	 3.30e-25	 2.09e-25	 1.50e+00	 3.21e-06	 3.24e-11	 4.67e-01
1.51e+03	 3.31e-25	 2.11e-25	 1.50e+00	 3.21e-06	 3.24e-11	 4.67e-01
1.51e+03	 3.31e-25	 2.12e-25	 1.50e+00	 3.21e-06	 3.24e-11	 4.67e-01
1.51e+03	 3.32e-25	 2.14e-25	 1.50e+00	 3.21e-06	 3.24e-11	 4.66e-01
1.51e+03	 3.33e-25	 2.15e-25	 1.50e+00	 3.21e-06	 3.24e-11	 4.66e-01
1.51e+03	 3.34e-25	 2.17e-25	 1.50e+00	 3.21e-06	 3.25e-11	 4.66e-01
1.51e+03	 3.34e-25	 2.19e-25	 1.50e+00	 3.21e-06	 3.25e-11	 4.66e-01
1.51e+03	 3.35e-25	 2.20e-25	 1.50e+00	 3.22e-06	 3.25e-11	 4.66e-01
1.51e+03	 3.36e-25	 2.22e-25	 1.50e+00	 3.22e-06	 3.25e-11	 4.65e-01
1.51e+03	 3.38e-25	 2.24e-25	 1.50e+00	 3.22e-06	 3.25e-11	 4.65e-01
1.51e+03	 3.39e-25	 2.26e-25	 1.50e+00	 3.22e-06	 3.25e-11	 4.65e-01
1.51e+03	 3.40e-25	 2.27e-25	 1.50e+00	 3.22e-06	 3.26e-11	 4.65e-01
1.51e+03	 3.41e-25	 2.29e-25	 1.50e+00	 3.22e-06	 3.26e-11	 4.65e-01
1.51e+03	 3.42e-25	 2.31e-25	 1.50e+00	 3.22e-06	 3.26e-11	 4.65e-01
1.51e+03	 3.44e-25	 2.33e-25	 1.50e+00	 3.22e-06	 3.26e-11	 4.64e-01
1.51e+03	 3.45e-25	 2.35e-25	 1.50e+00	 3.22e-06	 3.26e-11	 4.64e-01
1.51e+03	 3.46e-25	 2.37e-25	 1.50e+00	 3.22e-06	 3.26e-11	 4.64e-01
1.51e+03	 3.48e-25	 2.39e-25	 1.50e+00	 3.22e-06	 3.27e-11	 4.64e-01
1.51e+03	 3.49e-25	 2.41e-25	 1.50e+00	 3.22e-06	 3.27e-11	 4.64e-01
1.51e+03	 3.51e-25	 2.43e-25	 1.50e+00	 3.23e-06	 3.27e-11	 4.64e-01
1.51e+03	 3.52e-25	 2.45e-25	 1.50e+00	 3.23e-06	 3.27e-11	 4.63e-01
1.51e+03	 3.53e-25	 2.47e-25	 1.50e+00	 3.23e-06	 3.27e-11	 4.63e-01
1.51e+03	 3.55e-25	 2.49e-25	 1.50e+00	 3.23e-06	 3.27e-11	 4.63e-01
1.51e+03	 3.56e-25	 2.52e-25	 1.49e+00	 3.23e-06	 3.28e-11	 4.63e-01
1.51e+03	 3.58e-25	 2.54e-25	 1.49e+00	 3.23e-06	 3.28e-11	 4.63e-01
1.51e+03	 3.60e-25	 2.56e-25	 1.49e+00	 3.23e-06	 3.28e-11	 4.62e-01
1.51e+03	 3.61e-25	 2.59e-25	 1.49e+00	 3.23e-06	 3.28e-11	 4.62e-01
1.51e+03	 3.63e-25	 2.61e-25	 1.49e+00	 3.23e-06	 3.28e-11	 4.62e-01
1.51e+03	 3.65e-25	 2.64e-25	 1.49e+00	 3.23e-06	 3.28e-11	 4.62e-01
1.51e+03	 3.66e-25	 2.66e-25	 1.49e+00	 3.23e-06	 3.29e-11	 4.62e-01
1.52e+03	 3.68e-25	 2.69e-25	 1.49e+00	 3.24e-06	 3.29e-11	 4.62e-01
1.52e+03	 3.70e-25	 2.72e-25	 1.49e+00	 3.24e-06	 3.29e-11	 4.61e-01
1.52e+03	 3.72e-25	 2.75e-25	 1.49e+00	 3.24e-06	 3.29e-11	 4.61e-01
1.52e+03	 3.75e-25	 2.78e-25	 1.49e+00	 3.24e-06	 3.29e-11	 4.61e-01
1.52e+03	 3.77e-25	 2.81e-25	 1.49e+00	 3.24e-06	 3.30e-11	 4.61e-01
1.52e+03	 3.79e-25	 2.84e-25	 1.49e+00	 3.24e-06	 3.30e-11	 4.61e-01
1.52e+03	 3.82e-25	 2.87e-25	 1.49e+00	 3.24e-06	 3.30e-11	 4.61e-01
1.52e+03	 3.85e-25	 2.90e-25	 1.49e+00	 3.24e-06	 3.30e-11	 4.60e-01
1.52e+03	 3.87e-25	 2.93e-25	 1.49e+00	 3.24e-06	 3.30e-11	 4.60e-01
1.52e+03	 3.90e-25	 2.96e-25	 1.49e+00	 3.24e-06	 3.30e-11	 4.60e-01
1.52e+03	 3.94e-25	 3.00e-25	 1.49e+00	 3.24e-06	 3.31e-11	 4.60e-01
1.52e+03	 3.97e-25	 3.03e-25	 1.49e+00	 3.24e-06	 3.31e-11	 4.60e-01
1.52e+03	 4.01e-25	 3.07e-25	 1.49e+00	 3.25e-06	 3.31e-11	 4.59e-01
1.52e+03	 4.04e-25	 3.11e-25	 1.49e+00	 3.25e-06	 3.31e-11	 4.59e-01
1.52e+03	 4.08e-25	 3.15e-25	 1.49e+00	 3.25e-06	 3.31e-11	 4.59e-01
1.52e+03	 4.12e-25	 3.19e-25	 1.49e+00	 3.25e-06	 3.31e-11	 4.59e-01
1.52e+03	 4.16e-25	 3.24e-25	 1.49e+00	 3.25e-06	 3.32e-11	 4.59e-01
1.52e+03	 4.21e-25	 3.29e-25	 1.49e+00	 3.25e-06	 3.32e-11	 4.59e-01
1.52e+03	 4.25e-25	 3.34e-25	 1.49e+00	 3.25e-06	 3.32e-11	 4.58e-01
1.52e+03	 4.30e-25	 3.39e-25	 1.49e+00	 3.25e-06	 3.32e-11	 4.58e-01
1.52e+03	 4.35e-25	 3.44e-25	 1.49e+00	 3.25e-06	 3.32e-11	 4.58e-01
1.52e+03	 4.40e-25	 3.50e-25	 1.49e+00	 3.25e-06	 3.33e-11	 4.58e-01
1.52e+03	 4.45e-25	 3.57e-25	 1.49e+00	 3.25e-06	 3.33e-11	 4.58e-01
1.52e+03	 4.51e-25	 3.63e-25	 1.49e+00	 3.26e-06	 3.33e-11	 4.58e-01
1.52e+03	 4.56e-25	 3.70e-25	 1.49e+00	 3.26e-06	 3.33e-11	 4.57e-01
1.52e+03	 4.62e-25	 3.78e-25	 1.49e+00	 3.26e-06	 3.33e-11	 4.57e-01
1.52e+03	 4.68e-25	 3.85e-25	 1.49e+00	 3.26e-06	 3.33e-11	 4.57e-01
1.52e+03	 4.74e-25	 3.93e-25	 1.49e+00	 3.26e-06	 3.34e-11	 4.57e-01
1.52e+03	 4.80e-25	 4.02e-25	 1.49e+00	 3.26e-06	 3.34e-11	 4.57e-01
1.52e+03	 4.86e-25	 4.10e-25	 1.49e+00	 3.26e-06	 3.34e-11	 4.56e-01
1.52e+03	 4.93e-25	 4.19e-25	 1.49e+00	 3.26e-06	 3.34e-11	 4.56e-01
1.52e+03	 4.99e-25	 4.28e-25	 1.49e+00	 3.26e-06	 3.34e-11	 4.56e-01
1.52e+03	 5.05e-25	 4.37e-25	 1.49e+00	 3.26e-06	 3.34e-11	 4.56e-01
1.52e+03	 5.12e-25	 4.46e-25	 1.48e+00	 3.26e-06	 3.35e-11	 4.56e-01
1.52e+03	 5.18e-25	 4.55e-25	 1.48e+00	 3.26e-06	 3.35e-11	 4.56e-01
1.52e+03	 5.24e-25	 4.64e-25	 1.48e+00	 3.27e-06	 3.35e-11	 4.55e-01
1.52e+03	 5.31e-25	 4.73e-25	 1.48e+00	 3.27e-06	 3.35e-11	 4.55e-01
1.52e+03	 5.37e-25	 4.82e-25	 1.48e+00	 3.27e-06	 3.35e-11	 4.55e-01
1.52e+03	 5.42e-25	 4.90e-25	 1.48e+00	 3.27e-06	 3.36e-11	 4.55e-01
1.52e+03	 5.48e-25	 4.99e-25	 1.48e+00	 3.27e-06	 3.36e-11	 4.55e-01
1.52e+03	 5.53e-25	 5.07e-25	 1.48e+00	 3.27e-06	 3.36e-11	 4.54e-01
1.53e+03	 5.58e-25	 5.16e-25	 1.48e+00	 3.27e-06	 3.36e-11	 4.54e-01
1.53e+03	 5.63e-25	 5.24e-25	 1.48e+00	 3.27e-06	 3.36e-11	 4.54e-01
1.53e+03	 5.68e-25	 5.31e-25	 1.48e+00	 3.27e-06	 3.36e-11	 4.54e-01
1.53e+03	 5.72e-25	 5.39e-25	 1.48e+00	 3.27e-06	 3.37e-11	 4.54e-01
1.53e+03	 5.75e-25	 5.46e-25	 1.48e+00	 3.27e-06	 3.37e-11	 4.54e-01
1.53e+03	 5.79e-25	 5.52e-25	 1.48e+00	 3.28e-06	 3.37e-11	 4.53e-01
1.53e+03	 5.82e-25	 5.59e-25	 1.48e+00	 3.28e-06	 3.37e-11	 4.53e-01
1.53e+03	 5.84e-25	 5.65e-25	 1.48e+00	 3.28e-06	 3.37e-11	 4.53e-01
1.53e+03	 5.86e-25	 5.70e-25	 1.48e+00	 3.28e-06	 3.38e-11	 4.53e-01
1.53e+03	 5.88e-25	 5.75e-25	 1.48e+00	 3.28e-06	 3.38e-11	 4.53e-01
1.53e+03	 5.89e-25	 5.80e-25	 1.48e+00	 3.28e-06	 3.38e-11	 4.53e-01
1.53e+03	 5.90e-25	 5.84e-25	 1.48e+00	 3.28e-06	 3.38e-11	 4.52e-01
1.53e+03	 5.90e-25	 5.88e-25	 1.48e+00	 3.28e-06	 3.38e-11	 4.52e-01
1.53e+03	 5.90e-25	 5.92e-25	 1.48e+00	 3.28e-06	 3.38e-11	 4.52e-01
1.53e+03	 5.89e-25	 5.94e-25	 1.48e+00	 3.28e-06	 3.39e-11	 4.52e-01
1.53e+03	 5.88e-25	 5.97e-25	 1.48e+00	 3.28e-06	 3.39e-11	 4.52e-01
1.53e+03	 5.86e-25	 5.99e-25	 1.48e+00	 3.28e-06	 3.39e-11	 4.51e-01
1.53e+03	 5.84e-25	 6.00e-25	 1.48e+00	 3.29e-06	 3.39e-11	 4.51e-01
1.53e+03	 5.82e-25	 6.00e-25	 1.48e+00	 3.29e-06	 3.39e-11	 4.51e-01
1.53e+03	 5.79e-25	 5.99e-25	 1.48e+00	 3.29e-06	 3.40e-11	 4.51e-01
1.53e+03	 5.75e-25	 5.98e-25	 1.48e+00	 3.29e-06	 3.40e-11	 4.51e-01
1.53e+03	 5.71e-25	 5.96e-25	 1.48e+00	 3.29e-06	 3.40e-11	 4.51e-01
1.53e+03	 5.67e-25	 5.94e-25	 1.48e+00	 3.29e-06	 3.40e-11	 4.50e-01
1.53e+03	 5.62e-25	 5.91e-25	 1.48e+00	 3.29e-06	 3.40e-11	 4.50e-01
1.53e+03	 5.57e-25	 5.88e-25	 1.48e+00	 3.29e-06	 3.40e-11	 4.50e-01
1.53e+03	 5.51e-25	 5.84e-25	 1.48e+00	 3.29e-06	 3.41e-11	 4.50e-01
1.53e+03	 5.46e-25	 5.80e-25	 1.48e+00	 3.29e-06	 3.41e-11	 4.50e-01
1.53e+03	 5.39e-25	 5.76e-25	 1.48e+00	 3.29e-06	 3.41e-11	 4.50e-01
1.53e+03	 5.33e-25	 5.71e-25	 1.48e+00	 3.30e-06	 3.41e-11	 4.49e-01
1.53e+03	 5.26e-25	 5.65e-25	 1.48e+00	 3.30e-06	 3.41e-11	 4.49e-01
1.53e+03	 5.19e-25	 5.60e-25	 1.48e+00	 3.30e-06	 3.42e-11	 4.49e-01
1.53e+03	 5.11e-25	 5.54e-25	 1.48e+00	 3.30e-06	 3.42e-11	 4.49e-01
1.53e+03	 5.04e-25	 5.48e-25	 1.48e+00	 3.30e-06	 3.42e-11	 4.49e-01
1.53e+03	 4.96e-25	 5.42e-25	 1.48e+00	 3.30e-06	 3.42e-11	 4.48e-01
1.53e+03	 4.88e-25	 5.35e-25	 1.47e+00	 3.30e-06	 3.42e-11	 4.48e-01
1.53e+03	 4.80e-25	 5.29e-25	 1.47e+00	 3.30e-06	 3.42e-11	 4.48e-01
1.53e+03	 4.73e-25	 5.22e-25	 1.47e+00	 3.30e-06	 3.43e-11	 4.48e-01
1.53e+03	 4.65e-25	 5.16e-25	 1.47e+00	 3.30e-06	 3.43e-11	 4.48e-01
1.53e+03	 4.57e-25	 5.10e-25	 1.47e+00	 3.30e-06	 3.43e-11	 4.48e-01
1.54e+03	 4.50e-25	 5.04e-25	 1.47e+00	 3.31e-06	 3.43e-11	 4.47e-01
1.54e+03	 4.42e-25	 4.98e-25	 1.47e+00	 3.31e-06	 3.43e-11	 4.47e-01
1.54e+03	 4.35e-25	 4.92e-25	 1.47e+00	 3.31e-06	 3.44e-11	 4.47e-01
1.54e+03	 4.29e-25	 4.86e-25	 1.47e+00	 3.31e-06	 3.44e-11	 4.47e-01
1.54e+03	 4.22e-25	 4.81e-25	 1.47e+00	 3.31e-06	 3.44e-11	 4.47e-01
1.54e+03	 4.16e-25	 4.77e-25	 1.47e+00	 3.31e-06	 3.44e-11	 4.47e-01
1.54e+03	 4.11e-25	 4.72e-25	 1.47e+00	 3.31e-06	 3.44e-11	 4.46e-01
1.54e+03	 4.05e-25	 4.68e-25	 1.47e+00	 3.31e-06	 3.45e-11	 4.46e-01
1.54e+03	 4.00e-25	 4.65e-25	 1.47e+00	 3.31e-06	 3.45e-11	 4.46e-01
1.54e+03	 3.96e-25	 4.62e-25	 1.47e+00	 3.31e-06	 3.45e-11	 4.46e-01
1.54e+03	 3.92e-25	 4.59e-25	 1.47e+00	 3.31e-06	 3.45e-11	 4.46e-01
1.54e+03	 3.88e-25	 4.56e-25	 1.47e+00	 3.32e-06	 3.45e-11	 4.45e-01
1.54e+03	 3.84e-25	 4.54e-25	 1.47e+00	 3.32e-06	 3.45e-11	 4.45e-01
1.54e+03	 3.81e-25	 4.53e-25	 1.47e+00	 3.32e-06	 3.46e-11	 4.45e-01
1.54e+03	 3.78e-25	 4.51e-25	 1.47e+00	 3.32e-06	 3.46e-11	 4.45e-01
1.54e+03	 3.75e-25	 4.50e-25	 1.47e+00	 3.32e-06	 3.46e-11	 4.45e-01
1.54e+03	 3.73e-25	 4.49e-25	 1.47e+00	 3.32e-06	 3.46e-11	 4.45e-01
1.54e+03	 3.70e-25	 4.49e-25	 1.47e+00	 3.32e-06	 3.46e-11	 4.44e-01
1.54e+03	 3.68e-25	 4.48e-25	 1.47e+00	 3.32e-06	 3.47e-11	 4.44e-01
1.54e+03	 3.66e-25	 4.48e-25	 1.47e+00	 3.32e-06	 3.47e-11	 4.44e-01
1.54e+03	 3.64e-25	 4.48e-25	 1.47e+00	 3.32e-06	 3.47e-11	 4.44e-01
1.54e+03	 3.62e-25	 4.47e-25	 1.47e+00	 3.32e-06	 3.47e-11	 4.44e-01
1.54e+03	 3.60e-25	 4.47e-25	 1.47e+00	 3.33e-06	 3.47e-11	 4.44e-01
1.54e+03	 3.59e-25	 4.47e-25	 1.47e+00	 3.33e-06	 3.48e-11	 4.43e-01
1.54e+03	 3.57e-25	 4.47e-25	 1.47e+00	 3.33e-06	 3.48e-11	 4.43e-01
1.54e+03	 3.55e-25	 4.47e-25	 1.47e+00	 3.33e-06	 3.48e-11	 4.43e-01
1.54e+03	 3.54e-25	 4.47e-25	 1.47e+00	 3.33e-06	 3.48e-11	 4.43e-01
1.54e+03	 3.52e-25	 4.47e-25	 1.47e+00	 3.33e-06	 3.48e-11	 4.43e-01
1.54e+03	 3.50e-25	 4.47e-25	 1.47e+00	 3.33e-06	 3.48e-11	 4.42e-01
1.54e+03	 3.48e-25	 4.46e-25	 1.47e+00	 3.33e-06	 3.49e-11	 4.42e-01
1.54e+03	 3.46e-25	 4.46e-25	 1.47e+00	 3.33e-06	 3.49e-11	 4.42e-01
1.54e+03	 3.45e-25	 4.45e-25	 1.47e+00	 3.33e-06	 3.49e-11	 4.42e-01
1.54e+03	 3.43e-25	 4.45e-25	 1.47e+00	 3.33e-06	 3.49e-11	 4.42e-01
1.54e+03	 3.41e-25	 4.44e-25	 1.47e+00	 3.33e-06	 3.49e-11	 4.42e-01
1.54e+03	 3.39e-25	 4.43e-25	 1.47e+00	 3.34e-06	 3.50e-11	 4.41e-01
1.54e+03	 3.37e-25	 4.42e-25	 1.47e+00	 3.34e-06	 3.50e-11	 4.41e-01
1.54e+03	 3.34e-25	 4.41e-25	 1.46e+00	 3.34e-06	 3.50e-11	 4.41e-01
1.54e+03	 3.32e-25	 4.40e-25	 1.46e+00	 3.34e-06	 3.50e-11	 4.41e-01
1.54e+03	 3.30e-25	 4.38e-25	 1.46e+00	 3.34e-06	 3.50e-11	 4.41e-01
1.54e+03	 3.28e-25	 4.37e-25	 1.46e+00	 3.34e-06	 3.51e-11	 4.41e-01
1.54e+03	 3.25e-25	 4.36e-25	 1.46e+00	 3.34e-06	 3.51e-11	 4.40e-01
1.55e+03	 3.23e-25	 4.34e-25	 1.46e+00	 3.34e-06	 3.51e-11	 4.40e-01
1.55e+03	 3.20e-25	 4.33e-25	 1.46e+00	 3.34e-06	 3.51e-11	 4.40e-01
1.55e+03	 3.18e-25	 4.31e-25	 1.46e+00	 3.34e-06	 3.51e-11	 4.40e-01
1.55e+03	 3.16e-25	 4.30e-25	 1.46e+00	 3.34e-06	 3.52e-11	 4.40e-01
1.55e+03	 3.13e-25	 4.28e-25	 1.46e+00	 3.35e-06	 3.52e-11	 4.39e-01
1.55e+03	 3.11e-25	 4.27e-25	 1.46e+00	 3.35e-06	 3.52e-11	 4.39e-01
1.55e+03	 3.09e-25	 4.25e-25	 1.46e+00	 3.35e-06	 3.52e-11	 4.39e-01
1.55e+03	 3.06e-25	 4.24e-25	 1.46e+00	 3.35e-06	 3.52e-11	 4.39e-01
1.55e+03	 3.04e-25	 4.23e-25	 1.46e+00	 3.35e-06	 3.52e-11	 4.39e-01
1.55e+03	 3.02e-25	 4.22e-25	 1.46e+00	 3.35e-06	 3.53e-11	 4.39e-01
1.55e+03	 3.00e-25	 4.20e-25	 1.46e+00	 3.35e-06	 3.53e-11	 4.38e-01
1.55e+03	 2.98e-25	 4.19e-25	 1.46e+00	 3.35e-06	 3.53e-11	 4.38e-01
1.55e+03	 2.96e-25	 4.18e-25	 1.46e+00	 3.35e-06	 3.53e-11	 4.38e-01
1.55e+03	 2.94e-25	 4.17e-25	 1.46e+00	 3.35e-06	 3.53e-11	 4.38e-01
1.55e+03	 2.92e-25	 4.16e-25	 1.46e+00	 3.36e-06	 3.54e-11	 4.38e-01
1.55e+03	 2.90e-25	 4.15e-25	 1.46e+00	 3.36e-06	 3.54e-11	 4.38e-01
1.55e+03	 2.88e-25	 4.14e-25	 1.46e+00	 3.36e-06	 3.54e-11	 4.37e-01
1.55e+03	 2.86e-25	 4.13e-25	 1.46e+00	 3.36e-06	 3.54e-11	 4.37e-01
1.55e+03	 2.84e-25	 4.12e-25	 1.46e+00	 3.36e-06	 3.54e-11	 4.37e-01
1.55e+03	 2.83e-25	 4.11e-25	 1.46e+00	 3.36e-06	 3.55e-11	 4.37e-01
1.55e+03	 2.81e-25	 4.11e-25	 1.46e+00	 3.36e-06	 3.55e-11	 4.37e-01
1.55e+03	 2.79e-25	 4.10e-25	 1.46e+00	 3.36e-06	 3.55e-11	 4.36e-01
1.55e+03	 2.78e-25	 4.09e-25	 1.46e+00	 3.36e-06	 3.55e-11	 4.36e-01
1.55e+03	 2.76e-25	 4.08e-25	 1.46e+00	 3.36e-06	 3.55e-11	 4.36e-01
1.55e+03	 2.74e-25	 4.08e-25	 1.46e+00	 3.36e-06	 3.56e-11	 4.36e-01
1.55e+03	 2.73e-25	 4.07e-25	 1.46e+00	 3.37e-06	 3.56e-11	 4.36e-01
1.55e+03	 2.71e-25	 4.07e-25	 1.46e+00	 3.37e-06	 3.56e-11	 4.36e-01
1.55e+03	 2.70e-25	 4.06e-25	 1.46e+00	 3.37e-06	 3.56e-11	 4.35e-01
1.55e+03	 2.68e-25	 4.06e-25	 1.46e+00	 3.37e-06	 3.56e-11	 4.35e-01
1.55e+03	 2.67e-25	 4.05e-25	 1.46e+00	 3.37e-06	 3.57e-11	 4.35e-01
1.55e+03	 2.65e-25	 4.05e-25	 1.46e+00	 3.37e-06	 3.57e-11	 4.35e-01
1.55e+03	 2.64e-25	 4.04e-25	 1.46e+00	 3.37e-06	 3.57e-11	 4.35e-01
1.55e+03	 2.62e-25	 4.04e-25	 1.46e+00	 3.37e-06	 3.57e-11	 4.34e-01
1.55e+03	 2.61e-25	 4.03e-25	 1.46e+00	 3.37e-06	 3.57e-11	 4.34e-01
1.55e+03	 2.59e-25	 4.03e-25	 1.46e+00	 3.37e-06	 3.58e-11	 4.34e-01
1.55e+03	 2.58e-25	 4.02e-25	 1.46e+00	 3.37e-06	 3.58e-11	 4.34e-01
1.55e+03	 2.57e-25	 4.02e-25	 1.46e+00	 3.38e-06	 3.58e-11	 4.34e-01
1.55e+03	 2.55e-25	 4.01e-25	 1.46e+00	 3.38e-06	 3.58e-11	 4.34e-01
1.55e+03	 2.54e-25	 4.01e-25	 1.45e+00	 3.38e-06	 3.58e-11	 4.33e-01
1.56e+03	 2.52e-25	 4.00e-25	 1.45e+00	 3.38e-06	 3.59e-11	 4.33e-01
1.56e+03	 2.51e-25	 3.99e-25	 1.45e+00	 3.38e-06	 3.59e-11	 4.33e-01
1.56e+03	 2.49e-25	 3.99e-25	 1.45e+00	 3.38e-06	 3.59e-11	 4.33e-01
1.56e+03	 2.48e-25	 3.98e-25	 1.45e+00	 3.38e-06	 3.59e-11	 4.33e-01
1.56e+03	 2.47e-25	 3.97e-25	 1.45e+00	 3.38e-06	 3.59e-11	 4.33e-01
1.56e+03	 2.45e-25	 3.97e-25	 1.45e+00	 3.38e-06	 3.59e-11	 4.32e-01
1.56e+03	 2.44e-25	 3.96e-25	 1.45e+00	 3.38e-06	 3.60e-11	 4.32e-01
1.56e+03	 2.42e-25	 3.95e-25	 1.45e+00	 3.38e-06	 3.60e-11	 4.32e-01
1.56e+03	 2.41e-25	 3.94e-25	 1.45e+00	 3.39e-06	 3.60e-11	 4.32e-01
1.56e+03	 2.40e-25	 3.93e-25	 1.45e+00	 3.39e-06	 3.60e-11	 4.32e-01
1.56e+03	 2.38e-25	 3.92e-25	 1.45e+00	 3.39e-06	 3.60e-11	 4.31e-01
1.56e+03	 2.37e-25	 3.91e-25	 1.45e+00	 3.39e-06	 3.61e-11	 4.31e-01
1.56e+03	 2.35e-25	 3.89e-25	 1.45e+00	 3.39e-06	 3.61e-11	 4.31e-01
1.56e+03	 2.33e-25	 3.88e-25	 1.45e+00	 3.39e-06	 3.61e-11	 4.31e-01
1.56e+03	 2.32e-25	 3.87e-25	 1.45e+00	 3.39e-06	 3.61e-11	 4.31e-01
1.56e+03	 2.30e-25	 3.85e-25	 1.45e+00	 3.39e-06	 3.61e-11	 4.31e-01
1.56e+03	 2.28e-25	 3.83e-25	 1.45e+00	 3.39e-06	 3.62e-11	 4.30e-01
1.56e+03	 2.26e-25	 3.82e-25	 1.45e+00	 3.39e-06	 3.62e-11	 4.30e-01
1.56e+03	 2.24e-25	 3.80e-25	 1.45e+00	 3.39e-06	 3.62e-11	 4.30e-01
1.56e+03	 2.22e-25	 3.78e-25	 1.45e+00	 3.40e-06	 3.62e-11	 4.30e-01
1.56e+03	 2.20e-25	 3.76e-25	 1.45e+00	 3.40e-06	 3.62e-11	 4.30e-01
1.56e+03	 2.18e-25	 3.74e-25	 1.45e+00	 3.40e-06	 3.63e-11	 4.30e-01
1.56e+03	 2.16e-25	 3.71e-25	 1.45e+00	 3.40e-06	 3.63e-11	 4.29e-01
1.56e+03	 2.14e-25	 3.69e-25	 1.45e+00	 3.40e-06	 3.63e-11	 4.29e-01
1.56e+03	 2.12e-25	 3.67e-25	 1.45e+00	 3.40e-06	 3.63e-11	 4.29e-01
1.56e+03	 2.10e-25	 3.64e-25	 1.45e+00	 3.40e-06	 3.63e-11	 4.29e-01
1.56e+03	 2.08e-25	 3.62e-25	 1.45e+00	 3.40e-06	 3.64e-11	 4.29e-01
1.56e+03	 2.06e-25	 3.59e-25	 1.45e+00	 3.40e-06	 3.64e-11	 4.28e-01
1.56e+03	 2.03e-25	 3.57e-25	 1.45e+00	 3.40e-06	 3.64e-11	 4.28e-01
1.56e+03	 2.01e-25	 3.54e-25	 1.45e+00	 3.41e-06	 3.64e-11	 4.28e-01
1.56e+03	 1.99e-25	 3.51e-25	 1.45e+00	 3.41e-06	 3.64e-11	 4.28e-01
1.56e+03	 1.97e-25	 3.49e-25	 1.45e+00	 3.41e-06	 3.65e-11	 4.28e-01
1.56e+03	 1.95e-25	 3.46e-25	 1.45e+00	 3.41e-06	 3.65e-11	 4.28e-01
1.56e+03	 1.93e-25	 3.43e-25	 1.45e+00	 3.41e-06	 3.65e-11	 4.27e-01
1.56e+03	 1.91e-25	 3.40e-25	 1.45e+00	 3.41e-06	 3.65e-11	 4.27e-01
1.56e+03	 1.89e-25	 3.37e-25	 1.45e+00	 3.41e-06	 3.65e-11	 4.27e-01
1.56e+03	 1.87e-25	 3.34e-25	 1.45e+00	 3.41e-06	 3.66e-11	 4.27e-01
1.56e+03	 1.85e-25	 3.32e-25	 1.45e+00	 3.41e-06	 3.66e-11	 4.27e-01
1.56e+03	 1.83e-25	 3.29e-25	 1.45e+00	 3.41e-06	 3.66e-11	 4.27e-01
1.56e+03	 1.81e-25	 3.26e-25	 1.45e+00	 3.41e-06	 3.66e-11	 4.26e-01
1.56e+03	 1.79e-25	 3.23e-25	 1.45e+00	 3.42e-06	 3.67e-11	 4.26e-01
1.57e+03	 1.77e-25	 3.20e-25	 1.45e+00	 3.42e-06	 3.67e-11	 4.26e-01
1.57e+03	 1.75e-25	 3.17e-25	 1.44e+00	 3.42e-06	 3.67e-11	 4.26e-01
1.57e+03	 1.72e-25	 3.14e-25	 1.44e+00	 3.42e-06	 3.67e-11	 4.26e-01
1.57e+03	 1.70e-25	 3.11e-25	 1.44e+00	 3.42e-06	 3.67e-11	 4.25e-01
1.57e+03	 1.68e-25	 3.08e-25	 1.44e+00	 3.42e-06	 3.68e-11	 4.25e-01
1.57e+03	 1.66e-25	 3.05e-25	 1.44e+00	 3.42e-06	 3.68e-11	 4.25e-01
1.57e+03	 1.64e-25	 3.02e-25	 1.44e+00	 3.42e-06	 3.68e-11	 4.25e-01
1.57e+03	 1.62e-25	 2.99e-25	 1.44e+00	 3.42e-06	 3.68e-11	 4.25e-01
1.57e+03	 1.60e-25	 2.95e-25	 1.44e+00	 3.42e-06	 3.68e-11	 4.25e-01
1.57e+03	 1.58e-25	 2.92e-25	 1.44e+00	 3.43e-06	 3.69e-11	 4.24e-01
1.57e+03	 1.56e-25	 2.89e-25	 1.44e+00	 3.43e-06	 3.69e-11	 4.24e-01
1.57e+03	 1.54e-25	 2.86e-25	 1.44e+00	 3.43e-06	 3.69e-11	 4.24e-01
1.57e+03	 1.53e-25	 2.83e-25	 1.44e+00	 3.43e-06	 3.69e-11	 4.24e-01
1.57e+03	 1.51e-25	 2.80e-25	 1.44e+00	 3.43e-06	 3.69e-11	 4.24e-01
1.57e+03	 1.49e-25	 2.77e-25	 1.44e+00	 3.43e-06	 3.70e-11	 4.24e-01
1.57e+03	 1.47e-25	 2.75e-25	 1.44e+00	 3.43e-06	 3.70e-11	 4.23e-01
1.57e+03	 1.45e-25	 2.72e-25	 1.44e+00	 3.43e-06	 3.70e-11	 4.23e-01
1.57e+03	 1.44e-25	 2.69e-25	 1.44e+00	 3.43e-06	 3.70e-11	 4.23e-01
1.57e+03	 1.42e-25	 2.67e-25	 1.44e+00	 3.43e-06	 3.70e-11	 4.23e-01
1.57e+03	 1.40e-25	 2.64e-25	 1.44e+00	 3.43e-06	 3.71e-11	 4.23e-01
1.57e+03	 1.39e-25	 2.62e-25	 1.44e+00	 3.44e-06	 3.71e-11	 4.22e-01
1.57e+03	 1.37e-25	 2.59e-25	 1.44e+00	 3.44e-06	 3.71e-11	 4.22e-01
1.57e+03	 1.35e-25	 2.57e-25	 1.44e+00	 3.44e-06	 3.71e-11	 4.22e-01
1.57e+03	 1.34e-25	 2.55e-25	 1.44e+00	 3.44e-06	 3.71e-11	 4.22e-01
1.57e+03	 1.32e-25	 2.53e-25	 1.44e+00	 3.44e-06	 3.72e-11	 4.22e-01
1.57e+03	 1.31e-25	 2.51e-25	 1.44e+00	 3.44e-06	 3.72e-11	 4.22e-01
1.57e+03	 1.30e-25	 2.49e-25	 1.44e+00	 3.44e-06	 3.72e-11	 4.21e-01
1.57e+03	 1.28e-25	 2.47e-25	 1.44e+00	 3.44e-06	 3.72e-11	 4.21e-01
1.57e+03	 1.27e-25	 2.45e-25	 1.44e+00	 3.44e-06	 3.72e-11	 4.21e-01
1.57e+03	 1.25e-25	 2.43e-25	 1.44e+00	 3.44e-06	 3.73e-11	 4.21e-01
1.57e+03	 1.24e-25	 2.41e-25	 1.44e+00	 3.45e-06	 3.73e-11	 4.21e-01
1.57e+03	 1.22e-25	 2.39e-25	 1.44e+00	 3.45e-06	 3.73e-11	 4.21e-01
1.57e+03	 1.21e-25	 2.37e-25	 1.44e+00	 3.45e-06	 3.73e-11	 4.20e-01
1.57e+03	 1.20e-25	 2.36e-25	 1.44e+00	 3.45e-06	 3.74e-11	 4.20e-01
1.57e+03	 1.18e-25	 2.34e-25	 1.44e+00	 3.45e-06	 3.74e-11	 4.20e-01
1.57e+03	 1.17e-25	 2.32e-25	 1.44e+00	 3.45e-06	 3.74e-11	 4.20e-01
1.57e+03	 1.16e-25	 2.31e-25	 1.44e+00	 3.45e-06	 3.74e-11	 4.20e-01
1.57e+03	 1.14e-25	 2.29e-25	 1.44e+00	 3.45e-06	 3.74e-11	 4.19e-01
1.57e+03	 1.13e-25	 2.28e-25	 1.44e+00	 3.45e-06	 3.75e-11	 4.19e-01
1.58e+03	 1.12e-25	 2.26e-25	 1.44e+00	 3.45e-06	 3.75e-11	 4.19e-01
1.58e+03	 1.10e-25	 2.25e-25	 1.44e+00	 3.45e-06	 3.75e-11	 4.19e-01
1.58e+03	 1.09e-25	 2.23e-25	 1.44e+00	 3.46e-06	 3.75e-11	 4.19e-01
1.58e+03	 1.08e-25	 2.22e-25	 1.44e+00	 3.46e-06	 3.75e-11	 4.19e-01
1.58e+03	 1.07e-25	 2.20e-25	 1.44e+00	 3.46e-06	 3.76e-11	 4.18e-01
1.58e+03	 1.06e-25	 2.19e-25	 1.44e+00	 3.46e-06	 3.76e-11	 4.18e-01
1.58e+03	 1.05e-25	 2.18e-25	 1.43e+00	 3.46e-06	 3.76e-11	 4.18e-01
1.58e+03	 1.04e-25	 2.16e-25	 1.43e+00	 3.46e-06	 3.76e-11	 4.18e-01
1.58e+03	 1.03e-25	 2.15e-25	 1.43e+00	 3.46e-06	 3.76e-11	 4.18e-01
1.58e+03	 1.02e-25	 2.14e-25	 1.43e+00	 3.46e-06	 3.77e-11	 4.18e-01
1.58e+03	 1.01e-25	 2.12e-25	 1.43e+00	 3.46e-06	 3.77e-11	 4.17e-01
1.58e+03	 1.01e-25	 2.11e-25	 1.43e+00	 3.46e-06	 3.77e-11	 4.17e-01
1.58e+03	 9.99e-26	 2.10e-25	 1.43e+00	 3.47e-06	 3.77e-11	 4.17e-01
1.58e+03	 9.91e-26	 2.09e-25	 1.43e+00	 3.47e-06	 3.78e-11	 4.17e-01
1.58e+03	 9.83e-26	 2.08e-25	 1.43e+00	 3.47e-06	 3.78e-11	 4.17e-01
1.58e+03	 9.75e-26	 2.07e-25	 1.43e+00	 3.47e-06	 3.78e-11	 4.16e-01
1.58e+03	 9.68e-26	 2.06e-25	 1.43e+00	 3.47e-06	 3.78e-11	 4.16e-01
1.58e+03	 9.60e-26	 2.05e-25	 1.43e+00	 3.47e-06	 3.78e-11	 4.16e-01
1.58e+03	 9.52e-26	 2.04e-25	 1.43e+00	 3.47e-06	 3.79e-11	 4.16e-01
1.58e+03	 9.44e-26	 2.03e-25	 1.43e+00	 3.47e-06	 3.79e-11	 4.16e-01
1.58e+03	 9.37e-26	 2.02e-25	 1.43e+00	 3.47e-06	 3.79e-11	 4.16e-01
1.58e+03	 9.29e-26	 2.01e-25	 1.43e+00	 3.47e-06	 3.79e-11	 4.15e-01
1.58e+03	 9.22e-26	 2.00e-25	 1.43e+00	 3.48e-06	 3.79e-11	 4.15e-01
1.58e+03	 9.14e-26	 1.99e-25	 1.43e+00	 3.48e-06	 3.80e-11	 4.15e-01
1.58e+03	 9.07e-26	 1.99e-25	 1.43e+00	 3.48e-06	 3.80e-11	 4.15e-01
1.58e+03	 9.00e-26	 1.98e-25	 1.43e+00	 3.48e-06	 3.80e-11	 4.15e-01
1.58e+03	 8.93e-26	 1.97e-25	 1.43e+00	 3.48e-06	 3.80e-11	 4.15e-01
1.58e+03	 8.87e-26	 1.96e-25	 1.43e+00	 3.48e-06	 3.80e-11	 4.14e-01
1.58e+03	 8.81e-26	 1.96e-25	 1.43e+00	 3.48e-06	 3.81e-11	 4.14e-01
1.58e+03	 8.75e-26	 1.95e-25	 1.43e+00	 3.48e-06	 3.81e-11	 4.14e-01
1.58e+03	 8.69e-26	 1.94e-25	 1.43e+00	 3.48e-06	 3.81e-11	 4.14e-01
1.58e+03	 8.64e-26	 1.94e-25	 1.43e+00	 3.48e-06	 3.81e-11	 4.14e-01
1.58e+03	 8.59e-26	 1.93e-25	 1.43e+00	 3.48e-06	 3.82e-11	 4.13e-01
1.58e+03	 8.55e-26	 1.93e-25	 1.43e+00	 3.49e-06	 3.82e-11	 4.13e-01
1.58e+03	 8.50e-26	 1.92e-25	 1.43e+00	 3.49e-06	 3.82e-11	 4.13e-01
1.58e+03	 8.46e-26	 1.91e-25	 1.43e+00	 3.49e-06	 3.82e-11	 4.13e-01
1.58e+03	 8.42e-26	 1.91e-25	 1.43e+00	 3.49e-06	 3.82e-11	 4.13e-01
1.58e+03	 8.39e-26	 1.90e-25	 1.43e+00	 3.49e-06	 3.83e-11	 4.13e-01
1.58e+03	 8.35e-26	 1.90e-25	 1.43e+00	 3.49e-06	 3.83e-11	 4.12e-01
1.58e+03	 8.31e-26	 1.89e-25	 1.43e+00	 3.49e-06	 3.83e-11	 4.12e-01
1.58e+03	 8.28e-26	 1.89e-25	 1.43e+00	 3.49e-06	 3.83e-11	 4.12e-01
1.59e+03	 8.24e-26	 1.88e-25	 1.43e+00	 3.49e-06	 3.83e-11	 4.12e-01
1.59e+03	 8.21e-26	 1.88e-25	 1.43e+00	 3.49e-06	 3.84e-11	 4.12e-01
1.59e+03	 8.18e-26	 1.87e-25	 1.43e+00	 3.50e-06	 3.84e-11	 4.12e-01
1.59e+03	 8.14e-26	 1.87e-25	 1.43e+00	 3.50e-06	 3.84e-11	 4.11e-01
1.59e+03	 8.10e-26	 1.86e-25	 1.43e+00	 3.50e-06	 3.84e-11	 4.11e-01
1.59e+03	 8.07e-26	 1.86e-25	 1.43e+00	 3.50e-06	 3.85e-11	 4.11e-01
1.59e+03	 8.03e-26	 1.85e-25	 1.43e+00	 3.50e-06	 3.85e-11	 4.11e-01
1.59e+03	 7.99e-26	 1.85e-25	 1.43e+00	 3.50e-06	 3.85e-11	 4.11e-01
1.59e+03	 7.95e-26	 1.84e-25	 1.43e+00	 3.50e-06	 3.85e-11	 4.10e-01
1.59e+03	 7.91e-26	 1.84e-25	 1.42e+00	 3.50e-06	 3.85e-11	 4.10e-01
1.59e+03	 7.87e-26	 1.83e-25	 1.42e+00	 3.50e-06	 3.86e-11	 4.10e-01
1.59e+03	 7.82e-26	 1.83e-25	 1.42e+00	 3.50e-06	 3.86e-11	 4.10e-01
1.59e+03	 7.78e-26	 1.82e-25	 1.42e+00	 3.51e-06	 3.86e-11	 4.10e-01
1.59e+03	 7.73e-26	 1.82e-25	 1.42e+00	 3.51e-06	 3.86e-11	 4.10e-01
1.59e+03	 7.69e-26	 1.81e-25	 1.42e+00	 3.51e-06	 3.87e-11	 4.09e-01
1.59e+03	 7.64e-26	 1.81e-25	 1.42e+00	 3.51e-06	 3.87e-11	 4.09e-01
1.59e+03	 7.60e-26	 1.80e-25	 1.42e+00	 3.51e-06	 3.87e-11	 4.09e-01
1.59e+03	 7.56e-26	 1.80e-25	 1.42e+00	 3.51e-06	 3.87e-11	 4.09e-01
1.59e+03	 7.52e-26	 1.80e-25	 1.42e+00	 3.51e-06	 3.87e-11	 4.09e-01
1.59e+03	 7.48e-26	 1.79e-25	 1.42e+00	 3.51e-06	 3.88e-11	 4.09e-01
1.59e+03	 7.44e-26	 1.79e-25	 1.42e+00	 3.51e-06	 3.88e-11	 4.08e-01
1.59e+03	 7.41e-26	 1.78e-25	 1.42e+00	 3.51e-06	 3.88e-11	 4.08e-01
1.59e+03	 7.38e-26	 1.78e-25	 1.42e+00	 3.52e-06	 3.88e-11	 4.08e-01
1.59e+03	 7.36e-26	 1.77e-25	 1.42e+00	 3.52e-06	 3.89e-11	 4.08e-01
1.59e+03	 7.34e-26	 1.77e-25	 1.42e+00	 3.52e-06	 3.89e-11	 4.08e-01
1.59e+03	 7.32e-26	 1.76e-25	 1.42e+00	 3.52e-06	 3.89e-11	 4.07e-01
1.59e+03	 7.30e-26	 1.76e-25	 1.42e+00	 3.52e-06	 3.89e-11	 4.07e-01
1.59e+03	 7.29e-26	 1.76e-25	 1.42e+00	 3.52e-06	 3.89e-11	 4.07e-01
1.59e+03	 7.28e-26	 1.75e-25	 1.42e+00	 3.52e-06	 3.90e-11	 4.07e-01
1.59e+03	 7.27e-26	 1.75e-25	 1.42e+00	 3.52e-06	 3.90e-11	 4.07e-01
1.59e+03	 7.26e-26	 1.74e-25	 1.42e+00	 3.52e-06	 3.90e-11	 4.07e-01
1.59e+03	 7.24e-26	 1.74e-25	 1.42e+00	 3.52e-06	 3.90e-11	 4.06e-01
1.59e+03	 7.23e-26	 1.74e-25	 1.42e+00	 3.53e-06	 3.91e-11	 4.06e-01
1.59e+03	 7.21e-26	 1.73e-25	 1.42e+00	 3.53e-06	 3.91e-11	 4.06e-01
1.59e+03	 7.19e-26	 1.73e-25	 1.42e+00	 3.53e-06	 3.91e-11	 4.06e-01
1.59e+03	 7.16e-26	 1.72e-25	 1.42e+00	 3.53e-06	 3.91e-11	 4.06e-01
1.59e+03	 7.14e-26	 1.72e-25	 1.42e+00	 3.53e-06	 3.91e-11	 4.06e-01
1.59e+03	 7.11e-26	 1.72e-25	 1.42e+00	 3.53e-06	 3.92e-11	 4.05e-01
1.59e+03	 7.08e-26	 1.71e-25	 1.42e+00	 3.53e-06	 3.92e-11	 4.05e-01
1.60e+03	 7.04e-26	 1.71e-25	 1.42e+00	 3.53e-06	 3.92e-11	 4.05e-01
1.60e+03	 7.00e-26	 1.70e-25	 1.42e+00	 3.53e-06	 3.92e-11	 4.05e-01
1.60e+03	 6.94e-26	 1.70e-25	 1.42e+00	 3.53e-06	 3.93e-11	 4.05e-01
1.60e+03	 6.90e-26	 1.70e-25	 1.42e+00	 3.54e-06	 3.93e-11	 4.05e-01
1.60e+03	 6.87e-26	 1.69e-25	 1.42e+00	 3.54e-06	 3.93e-11	 4.04e-01
1.60e+03	 6.84e-26	 1.69e-25	 1.42e+00	 3.54e-06	 3.93e-11	 4.04e-01
1.60e+03	 6.82e-26	 1.68e-25	 1.42e+00	 3.54e-06	 3.93e-11	 4.04e-01
1.60e+03	 6.80e-26	 1.68e-25	 1.42e+00	 3.54e-06	 3.94e-11	 4.04e-01
1.60e+03	 6.78e-26	 1.68e-25	 1.42e+00	 3.54e-06	 3.94e-11	 4.04e-01
1.60e+03	 6.63e-26	 1.67e-25	 1.42e+00	 3.54e-06	 3.94e-11	 4.03e-01
1.60e+03	 6.63e-26	 1.67e-25	 1.42e+00	 3.54e-06	 3.94e-11	 4.03e-01
1.60e+03	 6.66e-26	 1.67e-25	 1.42e+00	 3.54e-06	 3.95e-11	 4.03e-01
1.60e+03	 6.69e-26	 1.66e-25	 1.42e+00	 3.54e-06	 3.95e-11	 4.03e-01
1.60e+03	 6.74e-26	 1.66e-25	 1.42e+00	 3.55e-06	 3.95e-11	 4.03e-01
1.60e+03	 7.06e-26	 1.65e-25	 1.42e+00	 3.55e-06	 3.95e-11	 4.03e-01
1.60e+03	 6.84e-26	 1.65e-25	 1.41e+00	 3.55e-06	 3.95e-11	 4.02e-01
1.60e+03	 6.79e-26	 1.65e-25	 1.41e+00	 3.55e-06	 3.96e-11	 4.02e-01
1.60e+03	 6.78e-26	 1.65e-25	 1.41e+00	 3.55e-06	 3.96e-11	 4.02e-01
1.60e+03	 6.68e-26	 1.64e-25	 1.41e+00	 3.55e-06	 3.96e-11	 4.02e-01
1.60e+03	 6.68e-26	 1.64e-25	 1.41e+00	 3.55e-06	 3.96e-11	 4.02e-01
