z,m		 Pp,W	 Pp,dBm	 N1,m-3	 N2,m-3
0.00e+00	 3.00e-02	 1.48e+01	 5.00e+23	 9.50e+24
2.00e-01	 2.93e-02	 1.47e+01	 3.57e+23	 9.64e+24
4.00e-01	 2.88e-02	 1.46e+01	 3.70e+23	 9.63e+24
6.00e-01	 2.82e-02	 1.45e+01	 3.83e+23	 9.62e+24
8.00e-01	 2.77e-02	 1.44e+01	 4.01e+23	 9.60e+24
1.00e+00	 2.72e-02	 1.43e+01	 4.24e+23	 9.58e+24
1.20e+00	 2.66e-02	 1.43e+01	 4.57e+23	 9.54e+24
1.40e+00	 2.60e-02	 1.42e+01	 5.03e+23	 9.50e+24
1.60e+00	 2.54e-02	 1.40e+01	 5.69e+23	 9.43e+24
1.80e+00	 2.47e-02	 1.39e+01	 6.64e+23	 9.34e+24
2.00e+00	 2.39e-02	 1.38e+01	 7.99e+23	 9.20e+24
2.20e+00	 2.30e-02	 1.36e+01	 9.86e+23	 9.01e+24
2.40e+00	 2.19e-02	 1.34e+01	 1.24e+24	 8.76e+24
2.60e+00	 2.06e-02	 1.31e+01	 1.55e+24	 8.45e+24
2.80e+00	 1.91e-02	 1.28e+01	 1.93e+24	 8.07e+24
3.00e+00	 1.74e-02	 1.24e+01	 2.34e+24	 7.66e+24
3.20e+00	 1.55e-02	 1.19e+01	 2.76e+24	 7.24e+24
3.40e+00	 1.35e-02	 1.13e+01	 3.17e+24	 6.83e+24
3.60e+00	 1.16e-02	 1.06e+01	 3.54e+24	 6.46e+24
3.80e+00	 9.74e-03	 9.89e+00	 3.87e+24	 6.13e+24
4.00e+00	 8.06e-03	 9.06e+00	 4.14e+24	 5.86e+24
4.20e+00	 6.58e-03	 8.18e+00	 4.38e+24	 5.62e+24
4.40e+00	 5.31e-03	 7.25e+00	 4.57e+24	 5.43e+24
4.60e+00	 4.24e-03	 6.27e+00	 4.72e+24	 5.28e+24
4.80e+00	 3.36e-03	 5.27e+00	 4.85e+24	 5.15e+24
5.00e+00	 2.65e-03	 4.24e+00	 4.96e+24	 5.04e+24
5.20e+00	 2.08e-03	 3.18e+00	 5.04e+24	 4.96e+24
5.40e+00	 1.62e-03	 2.11e+00	 5.11e+24	 4.89e+24
5.60e+00	 1.26e-03	 1.02e+00	 5.17e+24	 4.83e+24
5.80e+00	 9.82e-04	 -8.07e-02	 5.22e+24	 4.78e+24
6.00e+00	 7.60e-04	 -1.19e+00	 5.26e+24	 4.74e+24
6.20e+00	 5.88e-04	 -2.31e+00	 5.29e+24	 4.71e+24
6.40e+00	 4.53e-04	 -3.44e+00	 5.32e+24	 4.68e+24
6.60e+00	 3.49e-04	 -4.57e+00	 5.35e+24	 4.65e+24
6.80e+00	 2.69e-04	 -5.71e+00	 5.37e+24	 4.63e+24
7.00e+00	 2.07e-04	 -6.85e+00	 5.39e+24	 4.61e+24
7.20e+00	 1.59e-04	 -8.00e+00	 5.41e+24	 4.59e+24
7.40e+00	 1.22e-04	 -9.15e+00	 5.43e+24	 4.57e+24
7.60e+00	 9.32e-05	 -1.03e+01	 5.45e+24	 4.55e+24
7.80e+00	 7.13e-05	 -1.15e+01	 5.47e+24	 4.53e+24
8.00e+00	 5.45e-05	 -1.26e+01	 5.49e+24	 4.51e+24
8.20e+00	 4.17e-05	 -1.38e+01	 5.51e+24	 4.49e+24
8.40e+00	 3.18e-05	 -1.50e+01	 5.52e+24	 4.48e+24
8.60e+00	 2.43e-05	 -1.61e+01	 5.54e+24	 4.46e+24
8.80e+00	 1.85e-05	 -1.73e+01	 5.56e+24	 4.44e+24
9.00e+00	 1.41e-05	 -1.85e+01	 5.58e+24	 4.42e+24
9.20e+00	 1.07e-05	 -1.97e+01	 5.60e+24	 4.40e+24
9.40e+00	 8.14e-06	 -2.09e+01	 5.62e+24	 4.38e+24
9.60e+00	 6.18e-06	 -2.21e+01	 5.63e+24	 4.37e+24
9.80e+00	 4.69e-06	 -2.33e+01	 5.65e+24	 4.35e+24
1.00e+01	 3.56e-06	 -2.45e+01	 5.67e+24	 4.33e+24
1.02e+01	 2.69e-06	 -2.57e+01	 5.69e+24	 4.31e+24
1.04e+01	 2.04e-06	 -2.69e+01	 5.71e+24	 4.29e+24
1.06e+01	 1.54e-06	 -2.81e+01	 5.73e+24	 4.27e+24
1.08e+01	 1.16e-06	 -2.93e+01	 5.75e+24	 4.25e+24
1.10e+01	 8.76e-07	 -3.06e+01	 5.77e+24	 4.23e+24
1.12e+01	 6.60e-07	 -3.18e+01	 5.79e+24	 4.21e+24
1.14e+01	 4.97e-07	 -3.30e+01	 5.82e+24	 4.18e+24
1.16e+01	 3.74e-07	 -3.43e+01	 5.84e+24	 4.16e+24
1.18e+01	 2.81e-07	 -3.55e+01	 5.86e+24	 4.14e+24
1.20e+01	 2.11e-07	 -3.68e+01	 5.88e+24	 4.12e+24
1.22e+01	 1.58e-07	 -3.80e+01	 5.90e+24	 4.10e+24
1.24e+01	 1.18e-07	 -3.93e+01	 5.92e+24	 4.08e+24
1.26e+01	 8.85e-08	 -4.05e+01	 5.94e+24	 4.06e+24
1.28e+01	 6.62e-08	 -4.18e+01	 5.96e+24	 4.04e+24
1.30e+01	 4.94e-08	 -4.31e+01	 5.98e+24	 4.02e+24
1.32e+01	 3.69e-08	 -4.43e+01	 5.99e+24	 4.01e+24
1.34e+01	 2.75e-08	 -4.56e+01	 6.01e+24	 3.99e+24
1.36e+01	 2.05e-08	 -4.69e+01	 6.03e+24	 3.97e+24
1.38e+01	 1.52e-08	 -4.82e+01	 6.05e+24	 3.95e+24
1.40e+01	 1.13e-08	 -4.95e+01	 6.07e+24	 3.93e+24
1.42e+01	 8.40e-09	 -5.08e+01	 6.08e+24	 3.92e+24
1.44e+01	 6.24e-09	 -5.21e+01	 6.10e+24	 3.90e+24
1.46e+01	 4.62e-09	 -5.33e+01	 6.12e+24	 3.88e+24
1.48e+01	 3.43e-09	 -5.47e+01	 6.13e+24	 3.87e+24
1.50e+01	 2.54e-09	 -5.60e+01	 6.15e+24	 3.85e+24
1.52e+01	 1.88e-09	 -5.73e+01	 6.16e+24	 3.84e+24
1.54e+01	 1.39e-09	 -5.86e+01	 6.18e+24	 3.82e+24
1.56e+01	 1.02e-09	 -5.99e+01	 6.19e+24	 3.81e+24
1.58e+01	 7.56e-10	 -6.12e+01	 6.21e+24	 3.79e+24
1.60e+01	 5.58e-10	 -6.25e+01	 6.22e+24	 3.78e+24
1.62e+01	 4.11e-10	 -6.39e+01	 6.23e+24	 3.77e+24
1.64e+01	 3.03e-10	 -6.52e+01	 6.25e+24	 3.75e+24
1.66e+01	 2.23e-10	 -6.65e+01	 6.26e+24	 3.74e+24
1.68e+01	 1.64e-10	 -6.78e+01	 6.27e+24	 3.73e+24
1.70e+01	 1.21e-10	 -6.92e+01	 6.28e+24	 3.72e+24
1.72e+01	 8.87e-11	 -7.05e+01	 6.29e+24	 3.71e+24
1.74e+01	 6.52e-11	 -7.19e+01	 6.31e+24	 3.69e+24
1.76e+01	 4.78e-11	 -7.32e+01	 6.32e+24	 3.68e+24
1.78e+01	 3.51e-11	 -7.45e+01	 6.33e+24	 3.67e+24
1.80e+01	 2.57e-11	 -7.59e+01	 6.34e+24	 3.66e+24
1.82e+01	 1.89e-11	 -7.72e+01	 6.35e+24	 3.65e+24
1.84e+01	 1.38e-11	 -7.86e+01	 6.36e+24	 3.64e+24
1.86e+01	 1.01e-11	 -7.99e+01	 6.37e+24	 3.63e+24
1.88e+01	 7.41e-12	 -8.13e+01	 6.38e+24	 3.62e+24
1.90e+01	 5.42e-12	 -8.27e+01	 6.39e+24	 3.61e+24
1.92e+01	 3.96e-12	 -8.40e+01	 6.40e+24	 3.60e+24
1.94e+01	 2.89e-12	 -8.54e+01	 6.41e+24	 3.59e+24
1.96e+01	 2.11e-12	 -8.67e+01	 6.42e+24	 3.58e+24
1.98e+01	 1.54e-12	 -8.81e+01	 6.43e+24	 3.57e+24
2.00e+01	 1.13e-12	 -8.95e+01	 6.44e+24	 3.56e+24
2.02e+01	 8.22e-13	 -9.09e+01	 6.44e+24	 3.56e+24
2.04e+01	 5.99e-13	 -9.22e+01	 6.45e+24	 3.55e+24
2.06e+01	 4.37e-13	 -9.36e+01	 6.46e+24	 3.54e+24
2.08e+01	 3.18e-13	 -9.50e+01	 6.47e+24	 3.53e+24
2.10e+01	 2.32e-13	 -9.64e+01	 6.48e+24	 3.52e+24
2.12e+01	 1.69e-13	 -9.77e+01	 6.49e+24	 3.51e+24
2.14e+01	 1.23e-13	 -9.91e+01	 6.50e+24	 3.50e+24
2.16e+01	 8.92e-14	 -1.00e+02	 6.51e+24	 3.49e+24
2.18e+01	 6.48e-14	 -1.02e+02	 6.52e+24	 3.48e+24
2.20e+01	 4.71e-14	 -1.03e+02	 6.53e+24	 3.47e+24
2.22e+01	 3.42e-14	 -1.05e+02	 6.54e+24	 3.46e+24
2.24e+01	 2.48e-14	 -1.06e+02	 6.55e+24	 3.45e+24
2.26e+01	 1.80e-14	 -1.07e+02	 6.56e+24	 3.44e+24
2.28e+01	 1.30e-14	 -1.09e+02	 6.57e+24	 3.43e+24
2.30e+01	 9.46e-15	 -1.10e+02	 6.58e+24	 3.42e+24
2.32e+01	 6.85e-15	 -1.12e+02	 6.59e+24	 3.41e+24
2.34e+01	 4.96e-15	 -1.13e+02	 6.60e+24	 3.40e+24
2.36e+01	 3.59e-15	 -1.14e+02	 6.61e+24	 3.39e+24
2.38e+01	 2.60e-15	 -1.16e+02	 6.62e+24	 3.38e+24
2.40e+01	 1.88e-15	 -1.17e+02	 6.63e+24	 3.37e+24
2.42e+01	 1.36e-15	 -1.19e+02	 6.64e+24	 3.36e+24
2.44e+01	 9.79e-16	 -1.20e+02	 6.65e+24	 3.35e+24
2.46e+01	 7.07e-16	 -1.22e+02	 6.66e+24	 3.34e+24
2.48e+01	 5.10e-16	 -1.23e+02	 6.68e+24	 3.32e+24
2.50e+01	 3.68e-16	 -1.24e+02	 6.69e+24	 3.31e+24
2.52e+01	 2.65e-16	 -1.26e+02	 6.70e+24	 3.30e+24
2.54e+01	 1.91e-16	 -1.27e+02	 6.71e+24	 3.29e+24
2.56e+01	 1.37e-16	 -1.29e+02	 6.72e+24	 3.28e+24
2.58e+01	 9.87e-17	 -1.30e+02	 6.74e+24	 3.26e+24
2.60e+01	 7.09e-17	 -1.31e+02	 6.75e+24	 3.25e+24
2.62e+01	 5.09e-17	 -1.33e+02	 6.77e+24	 3.23e+24
2.64e+01	 3.66e-17	 -1.34e+02	 6.78e+24	 3.22e+24
2.66e+01	 2.62e-17	 -1.36e+02	 6.80e+24	 3.20e+24
2.68e+01	 1.88e-17	 -1.37e+02	 6.81e+24	 3.19e+24
2.70e+01	 1.35e-17	 -1.39e+02	 6.83e+24	 3.17e+24
2.72e+01	 9.63e-18	 -1.40e+02	 6.84e+24	 3.16e+24
2.74e+01	 6.89e-18	 -1.42e+02	 6.86e+24	 3.14e+24
2.76e+01	 4.92e-18	 -1.43e+02	 6.88e+24	 3.12e+24
2.78e+01	 3.51e-18	 -1.45e+02	 6.90e+24	 3.10e+24
2.80e+01	 2.50e-18	 -1.46e+02	 6.91e+24	 3.09e+24
2.82e+01	 1.78e-18	 -1.47e+02	 6.93e+24	 3.07e+24
2.84e+01	 1.27e-18	 -1.49e+02	 6.95e+24	 3.05e+24
2.86e+01	 9.03e-19	 -1.50e+02	 6.98e+24	 3.02e+24
2.88e+01	 6.42e-19	 -1.52e+02	 7.00e+24	 3.00e+24
2.90e+01	 4.55e-19	 -1.53e+02	 7.02e+24	 2.98e+24
2.92e+01	 3.23e-19	 -1.55e+02	 7.05e+24	 2.95e+24
2.94e+01	 2.29e-19	 -1.56e+02	 7.07e+24	 2.93e+24
2.96e+01	 1.62e-19	 -1.58e+02	 7.10e+24	 2.90e+24
2.98e+01	 1.14e-19	 -1.59e+02	 7.12e+24	 2.88e+24
3.00e+01	 8.05e-20	 -1.61e+02	 7.15e+24	 2.85e+24
3.02e+01	 5.67e-20	 -1.62e+02	 7.18e+24	 2.82e+24
3.04e+01	 3.99e-20	 -1.64e+02	 7.22e+24	 2.78e+24
3.06e+01	 2.80e-20	 -1.66e+02	 7.25e+24	 2.75e+24
3.08e+01	 1.96e-20	 -1.67e+02	 7.28e+24	 2.72e+24
3.10e+01	 1.37e-20	 -1.69e+02	 7.32e+24	 2.68e+24
3.12e+01	 9.58e-21	 -1.70e+02	 7.36e+24	 2.64e+24
3.14e+01	 6.68e-21	 -1.72e+02	 7.40e+24	 2.60e+24
3.16e+01	 4.65e-21	 -1.73e+02	 7.44e+24	 2.56e+24
3.18e+01	 3.23e-21	 -1.75e+02	 7.49e+24	 2.51e+24
3.20e+01	 2.24e-21	 -1.77e+02	 7.54e+24	 2.46e+24
3.22e+01	 1.55e-21	 -1.78e+02	 7.59e+24	 2.41e+24
3.24e+01	 1.07e-21	 -1.80e+02	 7.64e+24	 2.36e+24
3.26e+01	 7.32e-22	 -1.81e+02	 7.70e+24	 2.30e+24
3.28e+01	 5.02e-22	 -1.83e+02	 7.76e+24	 2.24e+24
3.30e+01	 3.43e-22	 -1.85e+02	 7.82e+24	 2.18e+24
3.32e+01	 2.34e-22	 -1.86e+02	 7.88e+24	 2.12e+24
3.34e+01	 1.59e-22	 -1.88e+02	 7.95e+24	 2.05e+24
3.36e+01	 1.08e-22	 -1.90e+02	 8.02e+24	 1.98e+24
3.38e+01	 7.27e-23	 -1.91e+02	 8.10e+24	 1.90e+24
3.40e+01	 4.89e-23	 -1.93e+02	 8.18e+24	 1.82e+24
3.42e+01	 3.27e-23	 -1.95e+02	 8.26e+24	 1.74e+24
3.44e+01	 2.18e-23	 -1.97e+02	 8.34e+24	 1.66e+24
3.46e+01	 1.45e-23	 -1.98e+02	 8.42e+24	 1.58e+24
3.48e+01	 9.61e-24	 -2.00e+02	 8.51e+24	 1.49e+24
3.50e+01	 6.33e-24	 -2.02e+02	 8.60e+24	 1.40e+24
3.52e+01	 4.15e-24	 -2.04e+02	 8.69e+24	 1.31e+24
3.54e+01	 2.71e-24	 -2.06e+02	 8.78e+24	 1.22e+24
3.56e+01	 1.76e-24	 -2.08e+02	 8.87e+24	 1.13e+24
3.58e+01	 1.14e-24	 -2.09e+02	 8.96e+24	 1.04e+24
3.60e+01	 7.36e-25	 -2.11e+02	 9.05e+24	 9.53e+23
3.62e+01	 4.72e-25	 -2.13e+02	 9.13e+24	 8.69e+23
3.64e+01	 3.02e-25	 -2.15e+02	 9.21e+24	 7.88e+23
3.66e+01	 1.92e-25	 -2.17e+02	 9.29e+24	 7.11e+23
3.68e+01	 1.22e-25	 -2.19e+02	 9.36e+24	 6.39e+23
3.70e+01	 7.71e-26	 -2.21e+02	 9.43e+24	 5.71e+23
3.72e+01	 4.86e-26	 -2.23e+02	 9.49e+24	 5.08e+23
3.74e+01	 3.05e-26	 -2.25e+02	 9.55e+24	 4.50e+23
3.76e+01	 1.91e-26	 -2.27e+02	 9.60e+24	 3.97e+23
3.78e+01	 1.19e-26	 -2.29e+02	 9.65e+24	 3.50e+23
3.80e+01	 7.44e-27	 -2.31e+02	 9.69e+24	 3.07e+23
3.82e+01	 4.63e-27	 -2.33e+02	 9.73e+24	 2.69e+23
3.84e+01	 2.87e-27	 -2.35e+02	 9.77e+24	 2.35e+23
3.86e+01	 1.78e-27	 -2.37e+02	 9.80e+24	 2.05e+23
3.88e+01	 1.10e-27	 -2.40e+02	 9.82e+24	 1.78e+23
3.90e+01	 6.81e-28	 -2.42e+02	 9.85e+24	 1.55e+23
3.92e+01	 4.20e-28	 -2.44e+02	 9.87e+24	 1.34e+23
3.94e+01	 2.59e-28	 -2.46e+02	 9.88e+24	 1.17e+23
3.96e+01	 1.60e-28	 -2.48e+02	 9.90e+24	 1.01e+23
3.98e+01	 9.83e-29	 -2.50e+02	 9.91e+24	 8.80e+22
4.00e+01	 6.05e-29	 -2.52e+02	 9.92e+24	 7.64e+22
4.02e+01	 3.72e-29	 -2.54e+02	 9.93e+24	 6.63e+22
4.04e+01	 2.29e-29	 -2.56e+02	 9.94e+24	 5.76e+22
4.06e+01	 1.41e-29	 -2.59e+02	 9.95e+24	 5.01e+22
4.08e+01	 8.63e-30	 -2.61e+02	 9.96e+24	 4.36e+22
4.10e+01	 5.30e-30	 -2.63e+02	 9.96e+24	 3.79e+22
4.12e+01	 3.25e-30	 -2.65e+02	 9.97e+24	 3.31e+22
4.14e+01	 2.00e-30	 -2.67e+02	 9.97e+24	 2.89e+22
4.16e+01	 1.22e-30	 -2.69e+02	 9.97e+24	 2.53e+22
4.18e+01	 7.51e-31	 -2.71e+02	 9.98e+24	 2.21e+22
4.20e+01	 4.61e-31	 -2.73e+02	 9.98e+24	 1.94e+22
4.22e+01	 2.83e-31	 -2.75e+02	 9.98e+24	 1.71e+22
4.24e+01	 1.73e-31	 -2.78e+02	 9.98e+24	 1.51e+22
4.26e+01	 1.06e-31	 -2.80e+02	 9.99e+24	 1.33e+22
4.28e+01	 6.51e-32	 -2.82e+02	 9.99e+24	 1.18e+22
4.30e+01	 3.99e-32	 -2.84e+02	 9.99e+24	 1.05e+22
4.32e+01	 2.45e-32	 -2.86e+02	 9.99e+24	 9.35e+21
4.34e+01	 1.50e-32	 -2.88e+02	 9.99e+24	 8.36e+21
4.36e+01	 9.20e-33	 -2.90e+02	 9.99e+24	 7.51e+21
4.38e+01	 5.64e-33	 -2.92e+02	 9.99e+24	 6.77e+21
4.40e+01	 3.45e-33	 -2.95e+02	 9.99e+24	 6.12e+21
4.42e+01	 2.12e-33	 -2.97e+02	 9.99e+24	 5.57e+21
4.44e+01	 1.30e-33	 -2.99e+02	 9.99e+24	 5.08e+21
4.46e+01	 7.95e-34	 -3.01e+02	 1.00e+25	 4.66e+21
4.48e+01	 4.87e-34	 -3.03e+02	 1.00e+25	 4.29e+21
4.50e+01	 2.99e-34	 -3.05e+02	 1.00e+25	 3.97e+21
4.52e+01	 1.83e-34	 -3.07e+02	 1.00e+25	 3.69e+21
4.54e+01	 1.12e-34	 -3.10e+02	 1.00e+25	 3.44e+21
4.56e+01	 6.87e-35	 -3.12e+02	 1.00e+25	 3.23e+21
4.58e+01	 4.21e-35	 -3.14e+02	 1.00e+25	 3.04e+21
4.60e+01	 2.58e-35	 -3.16e+02	 1.00e+25	 2.88e+21
4.62e+01	 1.58e-35	 -3.18e+02	 1.00e+25	 2.74e+21
4.64e+01	 9.69e-36	 -3.20e+02	 1.00e+25	 2.61e+21
4.66e+01	 5.94e-36	 -3.22e+02	 1.00e+25	 2.50e+21
4.68e+01	 3.64e-36	 -3.24e+02	 1.00e+25	 2.41e+21
4.70e+01	 2.23e-36	 -3.27e+02	 1.00e+25	 2.32e+21
4.72e+01	 1.37e-36	 -3.29e+02	 1.00e+25	 2.25e+21
4.74e+01	 8.37e-37	 -3.31e+02	 1.00e+25	 2.18e+21
4.76e+01	 5.13e-37	 -3.33e+02	 1.00e+25	 2.13e+21
4.78e+01	 3.14e-37	 -3.35e+02	 1.00e+25	 2.08e+21
4.80e+01	 1.93e-37	 -3.37e+02	 1.00e+25	 2.03e+21
4.82e+01	 1.18e-37	 -3.39e+02	 1.00e+25	 1.99e+21
4.84e+01	 7.23e-38	 -3.41e+02	 1.00e+25	 1.96e+21
4.86e+01	 4.43e-38	 -3.44e+02	 1.00e+25	 1.93e+21
4.88e+01	 2.71e-38	 -3.46e+02	 1.00e+25	 1.90e+21
4.90e+01	 1.66e-38	 -3.48e+02	 1.00e+25	 1.87e+21
4.92e+01	 1.02e-38	 -3.50e+02	 1.00e+25	 1.85e+21
4.94e+01	 6.24e-39	 -3.52e+02	 1.00e+25	 1.83e+21
4.96e+01	 3.83e-39	 -3.54e+02	 1.00e+25	 1.82e+21
4.98e+01	 2.34e-39	 -3.56e+02	 1.00e+25	 1.80e+21
