1450	3.91618E-26	1.11448E-25
1450.25	3.94178E-26	1.10227E-25
1450.5	3.97158E-26	1.13522E-25
1450.75	4.01048E-26	1.16293E-25
1451	4.03998E-26	1.16326E-25
1451.25	4.08111E-26	1.18381E-25
1451.5	4.11369E-26	1.20444E-25
1451.75	4.14489E-26	1.20105E-25
1452	4.17801E-26	1.20704E-25
1452.25	4.21309E-26	1.21349E-25
1452.5	4.24777E-26	1.22128E-25
1452.75	4.28304E-26	1.23203E-25
1453	4.31674E-26	1.25368E-25
1453.25	4.35205E-26	1.26592E-25
1453.5	4.38714E-26	1.27671E-25
1453.75	4.42214E-26	1.28875E-25
1454	4.45767E-26	1.30219E-25
1454.25	4.49314E-26	1.31544E-25
1454.5	4.52937E-26	1.32968E-25
1454.75	4.56588E-26	1.34516E-25
1455	4.60257E-26	1.36032E-25
1455.25	4.6395E-26	1.37547E-25
1455.5	4.67681E-26	1.39045E-25
1455.75	4.7145E-26	1.40518E-25
1456	4.75261E-26	1.41972E-25
1456.25	4.79103E-26	1.43469E-25
1456.5	4.82987E-26	1.44965E-25
1456.75	4.86911E-26	1.46445E-25
1457	4.90872E-26	1.4791E-25
1457.25	4.94873E-26	1.49367E-25
1457.5	4.98912E-26	1.50815E-25
1457.75	5.02992E-26	1.52259E-25
1458	5.07115E-26	1.5371E-25
1458.25	5.1128E-26	1.55172E-25
1458.5	5.15487E-26	1.56647E-25
1458.75	5.19737E-26	1.58138E-25
1459	5.24031E-26	1.59646E-25
1459.25	5.2837E-26	1.61171E-25
1459.5	5.32755E-26	1.62716E-25
1459.75	5.37187E-26	1.6428E-25
1460	5.41665E-26	1.65861E-25
1460.25	5.46191E-26	1.67457E-25
1460.5	5.50764E-26	1.69063E-25
1460.75	5.55385E-26	1.70676E-25
1461	5.60051E-26	1.72289E-25
1461.25	5.64764E-26	1.739E-25
1461.5	5.69521E-26	1.75503E-25
1461.75	5.74321E-26	1.77095E-25
1462	5.79164E-26	1.78673E-25
1462.25	5.84048E-26	1.80234E-25
1462.5	5.88972E-26	1.81778E-25
1462.75	5.93935E-26	1.83303E-25
1463	5.98937E-26	1.8481E-25
1463.25	6.03978E-26	1.86303E-25
1463.5	6.09057E-26	1.87782E-25
1463.75	6.14176E-26	1.89252E-25
1464	6.19335E-26	1.90717E-25
1464.25	6.24536E-26	1.92181E-25
1464.5	6.29778E-26	1.93648E-25
1464.75	6.35065E-26	1.95122E-25
1465	6.40395E-26	1.96607E-25
1465.25	6.45771E-26	1.98105E-25
1465.5	6.51193E-26	1.99618E-25
1465.75	6.5666E-26	2.01147E-25
1466	6.62172E-26	2.02692E-25
1466.25	6.67729E-26	2.04252E-25
1466.5	6.7333E-26	2.05824E-25
1466.75	6.78972E-26	2.07405E-25
1467	6.84655E-26	2.08992E-25
1467.25	6.90377E-26	2.1058E-25
1467.5	6.96137E-26	2.12166E-25
1467.75	7.01932E-26	2.13744E-25
1468	7.07763E-26	2.15311E-25
1468.25	7.13629E-26	2.16864E-25
1468.5	7.1953E-26	2.18399E-25
1468.75	7.25467E-26	2.19915E-25
1469	7.31443E-26	2.21412E-25
1469.25	7.3746E-26	2.22889E-25
1469.5	7.43522E-26	2.2435E-25
1469.75	7.49631E-26	2.25798E-25
1470	7.55792E-26	2.27235E-25
1470.25	7.62009E-26	2.28667E-25
1470.5	7.68284E-26	2.30097E-25
1470.75	7.74622E-26	2.3153E-25
1471	7.81025E-26	2.3297E-25
1471.25	7.87495E-26	2.34419E-25
1471.5	7.94034E-26	2.35878E-25
1471.75	8.00641E-26	2.37349E-25
1472	8.07316E-26	2.38829E-25
1472.25	8.1406E-26	2.40318E-25
1472.5	8.20868E-26	2.41812E-25
1472.75	8.27739E-26	2.43308E-25
1473	8.34714E-26	2.44801E-25
1473.25	8.41657E-26	2.46287E-25
1473.5	8.48697E-26	2.47759E-25
1473.75	8.55784E-26	2.49215E-25
1474	8.62915E-26	2.50648E-25
1474.25	8.70088E-26	2.52057E-25
1474.5	8.77297E-26	2.53437E-25
1474.75	8.84541E-26	2.54787E-25
1475	8.91431E-26	2.56108E-25
1475.25	8.99119E-26	2.57401E-25
1475.5	9.06449E-26	2.58666E-25
1475.75	9.13804E-26	2.59909E-25
1476	9.2118E-26	2.6113E-25
1476.25	9.28577E-26	2.62335E-25
1476.5	9.35993E-26	2.63525E-25
1476.75	9.43425E-26	2.64705E-25
1477	9.55865E-26	2.65877E-25
1477.25	9.58336E-26	2.67042E-25
1477.5	9.65813E-26	2.68201E-25
1477.75	9.73304E-26	2.69355E-25
1478	9.80809E-26	2.70503E-25
1478.25	9.88328E-26	2.71645E-25
1478.5	9.95862E-26	2.7278E-25
1478.75	1.00341E-25	2.73905E-25
1479	1.01098E-25	2.7502E-25
1479.25	1.01857E-25	2.76121E-25
1479.5	1.02619E-25	2.77205E-25
1479.75	1.03383E-25	2.78272E-25
1480	1.04149E-25	2.79318E-25
1480.25	1.04919E-25	2.80342E-25
1480.5	1.05692E-25	2.81343E-25
1480.75	1.06469E-25	2.82321E-25
1481	1.07249E-25	2.83275E-25
1481.25	1.08033E-25	2.84208E-25
1481.5	1.08821E-25	2.85119E-25
1481.75	1.09612E-25	2.86012E-25
1482	1.10407E-25	2.86888E-25
1482.25	1.11206E-25	2.8775E-25
1482.5	1.12007E-25	2.886E-25
1482.75	1.12812E-25	2.8944E-25
1483	1.1362E-25	2.90273E-25
1483.25	1.14429E-25	2.91099E-25
1483.5	1.15242E-25	2.91921E-25
1483.75	1.16056E-25	2.92739E-25
1484	1.16872E-25	2.93553E-25
1484.25	1.1769E-25	2.94362E-25
1484.5	1.18509E-25	2.95166E-25
1484.75	1.1933E-25	2.95963E-25
1485	1.20152E-25	2.96748E-25
1485.25	1.20975E-25	2.97519E-25
1485.5	1.21798E-25	2.98272E-25
1485.75	1.22623E-25	2.99003E-25
1486	1.23448E-25	2.99708E-25
1486.25	1.24274E-25	3.00384E-25
1486.5	1.25101E-25	3.0103E-25
1486.75	1.25929E-25	3.01643E-25
1487	1.26757E-25	3.02223E-25
1487.25	1.27586E-25	3.02772E-25
1487.5	1.28416E-25	3.0329E-25
1487.75	1.29248E-25	3.03782E-25
1488	1.30081E-25	3.04251E-25
1488.25	1.30916E-25	3.04702E-25
1488.5	1.31754E-25	3.05138E-25
1488.75	1.32594E-25	3.05565E-25
1489	1.33437E-25	3.05988E-25
1489.25	1.34283E-25	3.06409E-25
1489.5	1.35132E-25	3.06833E-25
1489.75	1.35984E-25	3.07261E-25
1490	1.36839E-25	3.07695E-25
1490.25	1.37698E-25	3.08133E-25
1490.5	1.38558E-25	3.08575E-25
1490.75	1.3942E-25	3.09019E-25
1491	1.40283E-25	3.09461E-25
1491.25	1.41146E-25	3.09898E-25
1491.5	1.42009E-25	3.10325E-25
1491.75	1.42869E-25	3.1074E-25
1492	1.43727E-25	3.11138E-25
1492.25	1.44582E-25	3.11517E-25
1492.5	1.45432E-25	3.11875E-25
1492.75	1.46279E-25	3.1221E-25
1493	1.47121E-25	3.12524E-25
1493.25	1.47958E-25	3.12816E-25
1493.5	1.48792E-25	3.13088E-25
1493.75	1.49623E-25	3.13344E-25
1494	1.50451E-25	3.13585E-25
1494.25	1.51279E-25	3.13816E-25
1494.5	1.52107E-25	3.14039E-25
1494.75	1.52938E-25	3.14257E-25
1495	1.53773E-25	3.14474E-25
1495.25	1.54614E-25	3.14691E-25
1495.5	1.55463E-25	3.1491E-25
1495.75	1.56321E-25	3.15133E-25
1496	1.5719E-25	3.15361E-25
1496.25	1.5807E-25	3.15593E-25
1496.5	1.58964E-25	3.15829E-25
1496.75	1.59871E-25	3.1607E-25
1497	1.60792E-25	3.16313E-25
1497.25	1.61726E-25	3.16557E-25
1497.5	1.62674E-25	3.16801E-25
1497.75	1.63635E-25	3.17042E-25
1498	1.64608E-25	3.17278E-25
1498.25	1.65592E-25	3.17508E-25
1498.5	1.66586E-25	3.17729E-25
1498.75	1.67588E-25	3.17939E-25
1499	1.68599E-25	3.18138E-25
1499.25	1.69616E-25	3.18325E-25
1499.5	1.70639E-25	3.18499E-25
1499.75	1.71666E-25	3.18662E-25
1500	1.72698E-25	3.18814E-25
1500.25	1.73734E-25	3.18957E-25
1500.5	1.74774E-25	3.19093E-25
1500.75	1.75817E-25	3.19227E-25
1501	1.76865E-25	3.19361E-25
1501.25	1.77917E-25	3.195E-25
1501.5	1.78974E-25	3.1965E-25
1501.75	1.80038E-25	3.19814E-25
1502	1.81108E-25	3.19998E-25
1502.25	1.82188E-25	3.20208E-25
1502.5	1.83277E-25	3.20447E-25
1502.75	1.84378E-25	3.20718E-25
1503	1.85492E-25	3.21023E-25
1503.25	1.8662E-25	3.21364E-25
1503.5	1.87764E-25	3.21738E-25
1503.75	1.88926E-25	3.22144E-25
1504	1.90106E-25	3.22578E-25
1504.25	1.91307E-25	3.23037E-25
1504.5	1.92529E-25	3.23517E-25
1504.75	1.93773E-25	3.24012E-25
1505	1.95041E-25	3.24519E-25
1505.25	1.96334E-25	3.25033E-25
1505.5	1.97651E-25	3.25552E-25
1505.75	1.98994E-25	3.26074E-25
1506	2.00362E-25	3.26598E-25
1506.25	2.01756E-25	3.27125E-25
1506.5	2.03175E-25	3.27658E-25
1506.75	2.0462E-25	3.282E-25
1507	2.06089E-25	3.28757E-25
1507.25	2.07582E-25	3.29334E-25
1507.5	2.091E-25	3.29938E-25
1507.75	2.10641E-25	3.30576E-25
1508	2.12204E-25	3.31255E-25
1508.25	2.13791E-25	3.31982E-25
1508.5	2.154E-25	3.32761E-25
1508.75	2.17031E-25	3.33596E-25
1509	2.18684E-25	3.34491E-25
1509.25	2.2036E-25	3.35446E-25
1509.5	2.2206E-25	3.36461E-25
1509.75	2.23785E-25	3.37533E-25
1510	2.25536E-25	3.38661E-25
1510.25	2.27316E-25	3.39839E-25
1510.5	2.29125E-25	3.41063E-25
1510.75	2.30966E-25	3.42329E-25
1511	2.32841E-25	3.43631E-25
1511.25	2.34753E-25	3.44965E-25
1511.5	2.36705E-25	3.46325E-25
1511.75	2.38697E-25	3.47709E-25
1512	2.40734E-25	3.49113E-25
1512.25	2.42816E-25	3.50537E-25
1512.5	2.44946E-25	3.51979E-25
1512.75	2.47125E-25	3.5344E-25
1513	2.49356E-25	3.54923E-25
1513.25	2.51638E-25	3.56432E-25
1513.5	2.53975E-25	3.57972E-25
1513.75	2.56365E-25	3.59549E-25
1514	2.5881E-25	3.6117E-25
1514.25	2.61311E-25	3.62844E-25
1514.5	2.63868E-25	3.6458E-25
1514.75	2.66489E-25	3.66387E-25
1515	2.69173E-25	3.68275E-25
1515.25	2.71922E-25	3.70255E-25
1515.5	2.74736E-25	3.72337E-25
1515.75	2.77616E-25	3.7453E-25
1516	2.80561E-25	3.76844E-25
1516.25	2.83575E-25	3.79287E-25
1516.5	2.86658E-25	3.81867E-25
1516.75	2.89816E-25	3.8459E-25
1517	2.93058E-25	3.87462E-25
1517.25	2.96395E-25	3.90489E-25
1517.5	2.9984E-25	3.93674E-25
1517.75	3.03408E-25	3.97021E-25
1518	3.07117E-25	4.00533E-25
1518.25	3.10985E-25	4.04212E-25
1518.5	3.15036E-25	4.08061E-25
1518.75	3.19293E-25	4.1208E-25
1519	3.2378E-25	4.16273E-25
1519.25	3.28521E-25	4.20641E-25
1519.5	3.3354E-25	4.25185E-25
1519.75	3.38856E-25	4.29907E-25
1520	3.4449E-25	4.34807E-25
1520.25	3.50458E-25	4.39884E-25
1520.5	3.56772E-25	4.45138E-25
1520.75	3.63446E-25	4.50565E-25
1521	3.70465E-25	4.5616E-25
1521.25	3.77822E-25	4.61916E-25
1521.5	3.85498E-25	4.67821E-25
1521.75	3.9347E-25	4.73863E-25
1522	4.01707E-25	4.80025E-25
1522.25	4.10174E-25	4.86285E-25
1522.5	4.18834E-25	4.92621E-25
1522.75	4.27651E-25	4.99005E-25
1523	4.36586E-25	5.05408E-25
1523.25	4.45597E-25	5.11799E-25
1523.5	4.5464E-25	5.18145E-25
1523.75	4.63674E-25	5.24412E-25
1524	4.72659E-25	5.30563E-25
1524.25	4.81557E-25	5.36566E-25
1524.5	4.90336E-25	5.42385E-25
1524.75	4.98959E-25	5.47988E-25
1525	5.07393E-25	5.53343E-25
1525.25	5.15606E-25	5.58421E-25
1525.5	5.2357E-25	5.63193E-25
1525.75	5.31256E-25	5.67635E-25
1526	5.38641E-25	5.71723E-25
1526.25	5.45702E-25	5.75438E-25
1526.5	5.5242E-25	5.78762E-25
1526.75	5.58776E-25	5.81678E-25
1527	5.64746E-25	5.84174E-25
1527.25	5.70316E-25	5.86238E-25
1527.5	5.75466E-25	5.87859E-25
1527.75	5.8018E-25	5.89031E-25
1528	5.84441E-25	5.89747E-25
1528.25	5.88235E-25	5.9E-25
1528.5	5.91555E-25	5.89788E-25
1528.75	5.94395E-25	5.89108E-25
1529	5.96752E-25	5.87959E-25
1529.25	5.98621E-25	5.86341E-25
1529.5	6E-25	5.84256E-25
1529.75	5.99702E-25	5.81706E-25
1530	5.98915E-25	5.78697E-25
1530.25	5.97639E-25	5.75235E-25
1530.5	5.95878E-25	5.71327E-25
1530.75	5.93635E-25	5.66983E-25
1531	5.90916E-25	5.62216E-25
1531.25	5.8773E-25	5.57039E-25
1531.5	5.84091E-25	5.51469E-25
1531.75	5.80015E-25	5.45526E-25
1532	5.75528E-25	5.39234E-25
1532.25	5.70656E-25	5.32619E-25
1532.5	5.65433E-25	5.25712E-25
1532.75	5.59894E-25	5.18547E-25
1533	5.54078E-25	5.11163E-25
1533.25	5.48028E-25	5.03602E-25
1533.5	5.4179E-25	4.95907E-25
1533.75	5.35415E-25	4.88127E-25
1534	5.28958E-25	4.80312E-25
1534.25	5.22479E-25	4.72512E-25
1534.5	5.16043E-25	4.64777E-25
1534.75	5.09712E-25	4.5716E-25
1535	5.03542E-25	4.49707E-25
1535.25	4.97585E-25	4.42464E-25
1535.5	4.91883E-25	4.35472E-25
1535.75	4.86473E-25	4.28767E-25
1536	4.81392E-25	4.2238E-25
1536.25	4.76667E-25	4.16334E-25
1536.5	4.72319E-25	4.10647E-25
1536.75	4.68361E-25	4.05327E-25
1537	4.648E-25	4.00378E-25
1537.25	4.61636E-25	3.95796E-25
1537.5	4.58865E-25	3.91571E-25
1537.75	4.56473E-25	3.87687E-25
1538	4.54441E-25	3.84125E-25
1538.25	4.52745E-25	3.80862E-25
1538.5	4.51355E-25	3.77871E-25
1538.75	4.50239E-25	3.75125E-25
1539	4.49364E-25	3.72595E-25
1539.25	4.48696E-25	3.70253E-25
1539.5	4.48202E-25	3.68071E-25
1539.75	4.47851E-25	3.66022E-25
1540	4.47614E-25	3.64083E-25
1540.25	4.47464E-25	3.62229E-25
1540.5	4.47372E-25	3.6044E-25
1540.75	4.4731E-25	3.58696E-25
1541	4.47251E-25	3.56979E-25
1541.25	4.47169E-25	3.55274E-25
1541.5	4.47043E-25	3.53567E-25
1541.75	4.46852E-25	3.51844E-25
1542	4.46584E-25	3.50096E-25
1542.25	4.46224E-25	3.48311E-25
1542.5	4.45764E-25	3.46482E-25
1542.75	4.45199E-25	3.44602E-25
1543	4.44526E-25	3.42667E-25
1543.25	4.43746E-25	3.40672E-25
1543.5	4.42858E-25	3.38616E-25
1543.75	4.41868E-25	3.365E-25
1544	4.4078E-25	3.34326E-25
1544.25	4.39603E-25	3.32098E-25
1544.5	4.38344E-25	3.29822E-25
1544.75	4.37015E-25	3.27504E-25
1545	4.35629E-25	3.25154E-25
1545.25	4.34201E-25	3.2278E-25
1545.5	4.32746E-25	3.20392E-25
1545.75	4.31276E-25	3.18001E-25
1546	4.29806E-25	3.15616E-25
1546.25	4.28346E-25	3.13246E-25
1546.5	4.26905E-25	3.10901E-25
1546.75	4.25496E-25	3.08586E-25
1547	4.24125E-25	3.06309E-25
1547.25	4.22797E-25	3.04074E-25
1547.5	4.21514E-25	3.01885E-25
1547.75	4.20278E-25	2.99743E-25
1548	4.19091E-25	2.9765E-25
1548.25	4.17953E-25	2.95606E-25
1548.5	4.16865E-25	2.93611E-25
1548.75	4.15828E-25	2.91663E-25
1549	4.14839E-25	2.8976E-25
1549.25	4.13899E-25	2.87902E-25
1549.5	4.13006E-25	2.86085E-25
1549.75	4.12158E-25	2.84308E-25
1550	4.11349E-25	2.82569E-25
1550.25	4.10577E-25	2.80865E-25
1550.5	4.09841E-25	2.79195E-25
1550.75	4.09139E-25	2.77557E-25
1551	4.08471E-25	2.75947E-25
1551.25	4.07835E-25	2.74364E-25
1551.5	4.07228E-25	2.72805E-25
1551.75	4.0665E-25	2.71267E-25
1552	4.061E-25	2.69748E-25
1552.25	4.05576E-25	2.68244E-25
1552.5	4.05072E-25	2.66753E-25
1552.75	4.04583E-25	2.65272E-25
1553	4.04101E-25	2.638E-25
1553.25	4.0362E-25	2.62335E-25
1553.5	4.03135E-25	2.60876E-25
1553.75	4.02641E-25	2.59423E-25
1554	4.02138E-25	2.57976E-25
1554.25	4.01621E-25	2.56534E-25
1554.5	4.01087E-25	2.55099E-25
1554.75	4.00533E-25	2.53671E-25
1555	3.99955E-25	2.52251E-25
1555.25	3.99348E-25	2.50839E-25
1555.5	3.98706E-25	2.49434E-25
1555.75	3.98024E-25	2.48035E-25
1556	3.97296E-25	2.46639E-25
1556.25	3.96518E-25	2.45242E-25
1556.5	3.95687E-25	2.43842E-25
1556.75	3.94799E-25	2.42431E-25
1557	3.93849E-25	2.41003E-25
1557.25	3.92833E-25	2.39552E-25
1557.5	3.91748E-25	2.38069E-25
1557.75	3.90589E-25	2.36549E-25
1558	3.89347E-25	2.34984E-25
1558.25	3.88014E-25	2.33369E-25
1558.5	3.86582E-25	2.31698E-25
1558.75	3.85045E-25	2.29968E-25
1559	3.83403E-25	2.28178E-25
1559.25	3.81657E-25	2.26328E-25
1559.5	3.79808E-25	2.2442E-25
1559.75	3.77861E-25	2.22457E-25
1560	3.75819E-25	2.20445E-25
1560.25	3.73684E-25	2.1839E-25
1560.5	3.71462E-25	2.163E-25
1560.75	3.69157E-25	2.14183E-25
1561	3.66777E-25	2.12047E-25
1561.25	3.64329E-25	2.09898E-25
1561.5	3.61816E-25	2.07746E-25
1561.75	3.59242E-25	2.05595E-25
1562	3.56617E-25	2.03451E-25
1562.25	3.53948E-25	2.01317E-25
1562.5	3.51243E-25	1.99197E-25
1562.75	3.4851E-25	1.97091E-25
1563	3.45751E-25	1.94999E-25
1563.25	3.4297E-25	1.92921E-25
1563.5	3.40166E-25	1.90856E-25
1563.75	3.37339E-25	1.88802E-25
1564	3.34489E-25	1.86755E-25
1564.25	3.31615E-25	1.84715E-25
1564.5	3.28717E-25	1.82678E-25
1564.75	3.25795E-25	1.80642E-25
1565	3.2285E-25	1.78607E-25
1565.25	3.19881E-25	1.76571E-25
1565.5	3.1689E-25	1.74534E-25
1565.75	3.13876E-25	1.72497E-25
1566	3.10839E-25	1.7046E-25
1566.25	3.07783E-25	1.68427E-25
1566.5	3.04712E-25	1.66398E-25
1566.75	3.01629E-25	1.64377E-25
1567	2.98542E-25	1.62367E-25
1567.25	2.95455E-25	1.60371E-25
1567.5	2.92375E-25	1.58392E-25
1567.75	2.89313E-25	1.56433E-25
1568	2.86285E-25	1.54499E-25
1568.25	2.83299E-25	1.52591E-25
1568.5	2.80366E-25	1.50713E-25
1568.75	2.7749E-25	1.48868E-25
1569	2.74678E-25	1.47058E-25
1569.25	2.71935E-25	1.45284E-25
1569.5	2.69266E-25	1.43549E-25
1569.75	2.66678E-25	1.41853E-25
1570	2.64171E-25	1.40196E-25
1570.25	2.61743E-25	1.38576E-25
1570.5	2.59391E-25	1.36992E-25
1570.75	2.57113E-25	1.35441E-25
1571	2.54905E-25	1.33921E-25
1571.25	2.52762E-25	1.32426E-25
1571.5	2.50679E-25	1.30954E-25
1571.75	2.48654E-25	1.29501E-25
1572	2.46679E-25	1.28062E-25
1572.25	2.44752E-25	1.26634E-25
1572.5	2.4287E-25	1.25215E-25
1572.75	2.41028E-25	1.23803E-25
1573	2.39225E-25	1.22397E-25
1573.25	2.37459E-25	1.20997E-25
1573.5	2.35729E-25	1.19606E-25
1573.75	2.34036E-25	1.18225E-25
1574	2.32379E-25	1.16858E-25
1574.25	2.30755E-25	1.15511E-25
1574.5	2.29164E-25	1.14187E-25
1574.75	2.27604E-25	1.12893E-25
1575	2.26075E-25	1.11634E-25
1575.25	2.24579E-25	1.10414E-25
1575.5	2.23113E-25	1.09238E-25
1575.75	2.2168E-25	1.08108E-25
1576	2.20275E-25	1.07027E-25
1576.25	2.18899E-25	1.05995E-25
1576.5	2.1755E-25	1.05009E-25
1576.75	2.1623E-25	1.04068E-25
1577	2.14938E-25	1.03168E-25
1577.25	2.13675E-25	1.02303E-25
1577.5	2.12442E-25	1.01468E-25
1577.75	2.11239E-25	1.00656E-25
1578	2.10067E-25	9.98613E-26
1578.25	2.08927E-25	9.9079E-26
1578.5	2.0782E-25	9.83039E-26
1578.75	2.06746E-25	9.75322E-26
1579	2.05706E-25	9.67611E-26
1579.25	2.04699E-25	9.59895E-26
1579.5	2.03726E-25	9.52171E-26
1579.75	2.02786E-25	9.44451E-26
1580	2.01878E-25	9.36759E-26
1580.25	2.01002E-25	9.29126E-26
1580.5	2.00156E-25	9.21591E-26
1580.75	1.9934E-25	9.14196E-26
1581	1.98553E-25	9.06982E-26
1581.25	1.97792E-25	8.99992E-26
1581.5	1.97057E-25	8.93261E-26
1581.75	1.96346E-25	8.86817E-26
1582	1.95658E-25	8.80681E-26
1582.25	1.94991E-25	8.74864E-26
1582.5	1.94343E-25	8.69368E-26
1582.75	1.93713E-25	8.64185E-26
1583	1.93101E-25	8.59302E-26
1583.25	1.92504E-25	8.54697E-26
1583.5	1.91922E-25	8.50346E-26
1583.75	1.91354E-25	8.46219E-26
1584	1.90798E-25	8.42285E-26
1584.25	1.90254E-25	8.38512E-26
1584.5	1.89721E-25	8.34869E-26
1584.75	1.89197E-25	8.31323E-26
1585	1.88683E-25	8.27844E-26
1585.25	1.88176E-25	8.24402E-26
1585.5	1.87675E-25	8.20969E-26
1585.75	1.87181E-25	8.17516E-26
1586	1.86691E-25	8.14018E-26
1586.25	1.86205E-25	8.10451E-26
1586.5	1.85722E-25	8.06794E-26
1586.75	1.85241E-25	8.03028E-26
1587	1.84762E-25	7.99141E-26
1587.25	1.84284E-25	7.95125E-26
1587.5	1.83807E-25	7.90978E-26
1587.75	1.83331E-25	7.86706E-26
1588	1.82855E-25	7.82324E-26
1588.25	1.82381E-25	7.77859E-26
1588.5	1.81907E-25	7.73341E-26
1588.75	1.81434E-25	7.68811E-26
1589	1.80963E-25	7.64315E-26
1589.25	1.80495E-25	7.59905E-26
1589.5	1.8003E-25	7.55634E-26
1589.75	1.79568E-25	7.5156E-26
1590	1.79109E-25	7.47742E-26
1590.25	1.78656E-25	7.44224E-26
1590.5	1.78206E-25	7.41044E-26
1590.75	1.77762E-25	7.38219E-26
1591	1.77322E-25	7.35752E-26
1591.25	1.76888E-25	7.33595E-26
1591.5	1.76458E-25	7.31746E-26
1591.75	1.76032E-25	7.30182E-26
1592	1.7561E-25	7.2885E-26
1592.25	1.75191E-25	7.2768E-26
1592.5	1.74776E-25	7.26651E-26
1592.75	1.74363E-25	7.25545E-26
1593	1.73953E-25	7.24258E-26
1593.25	1.73546E-25	7.22726E-26
1593.5	1.7314E-25	7.20878E-26
1593.75	1.72735E-25	7.18705E-26
1594	1.7233E-25	7.1622E-26
1594.25	1.71923E-25	7.14115E-26
1594.5	1.71518E-25	7.11343E-26
1594.75	1.71117E-25	7.07893E-26
1595	1.70718E-25	7.03976E-26
1595.25	1.7032E-25	6.99684E-26
1595.5	1.69922E-25	6.93864E-26
1595.75	1.69537E-25	6.89975E-26
1596	1.69144E-25	6.86765E-26
1596.25	1.68733E-25	6.83895E-26
1596.5	1.68344E-25	6.81892E-26
1596.75	1.67956E-25	6.80066E-26
1597	1.67575E-25	6.78291E-26
1597.25	1.67284E-25	6.62518E-26
1597.5	1.66891E-25	6.63039E-26
1597.75	1.66503E-25	6.66335E-26
1598	1.66138E-25	6.69178E-26
1598.25	1.65785E-25	6.7371E-26
1598.5	1.65461E-25	7.06016E-26
1598.75	1.64928E-25	6.84256E-26
1599	1.64731E-25	6.78624E-26
1599.25	1.64822E-25	6.78372E-26
1599.5	1.64292E-25	6.682E-26
1599.75	1.64097E-25	6.68172E-26
1600	1.63872E-25	6.71457E-26
 
